# ------------------------------------------------------------------------------------------------------------------------------------------------------
# Packet header transmit time   : 21752070 ps
# Packet header                 : E2
# Packet size                   : 34
# Packet content column 0       : 14D4,14D4,14D4,14D4,14D4,14D4,14D4,14D4,14D4,14D4,14D4,14D4,14D4,14D4,14D4,14D4,14D4,14D4,14D4,14D4,14D4,14D4,14D4,14D4,14D4,14D4,14D4,14D4,14D4,14D4,14D4,14D4,14D4,14D4,
# Packet content column 1       : 0000,0000,0000,0000,0000,0000,0000,0000,0000,0000,0000,0000,0000,0000,0000,0000,0000,0000,0000,0000,0000,0000,0000,0000,0000,0000,0000,0000,0000,0000,0000,0000,0000,0000,
# Packet content column 2       : 0000,0000,0000,0000,0000,0000,0000,0000,0000,0000,0000,0000,0000,0000,0000,0000,0000,0000,0000,0000,0000,0000,0000,0000,0000,0000,0000,0000,0000,0000,0000,0000,0000,0000,
# Packet content column 3       : 0000,0000,0000,0000,0000,0000,0000,0000,0000,0000,0000,0000,0000,0000,0000,0000,0000,0000,0000,0000,0000,0000,0000,0000,0000,0000,0000,0000,0000,0000,0000,0000,0000,0000,
# ------------------------------------------------------------------------------------------------------------------------------------------------------
# Packet header transmit time   : 27194790 ps
# Packet header                 : E2
# Packet size                   : 34
# Packet content column 0       : 14D4,2024,14D4,14D4,14D4,14D4,14D4,14D4,14D4,14D4,14D4,14D4,14D4,14D4,14D4,14D4,14D4,14D4,14D4,14D4,14D4,14D4,14D4,14D4,14D4,14D4,14D4,14D4,14D4,14D4,14D4,14D4,14D4,14D4,
# Packet content column 1       : 0000,0000,0000,0000,0000,0000,0000,0000,0000,0000,0000,0000,0000,0000,0000,0000,0000,0000,0000,0000,0000,0000,0000,0000,0000,0000,0000,0000,0000,0000,0000,0000,0000,0000,
# Packet content column 2       : 0000,0000,0000,0000,0000,0000,0000,0000,0000,0000,0000,0000,0000,0000,0000,0000,0000,0000,0000,0000,0000,0000,0000,0000,0000,0000,0000,0000,0000,0000,0000,0000,0000,0000,
# Packet content column 3       : 0000,0000,0000,0000,0000,0000,0000,0000,0000,0000,0000,0000,0000,0000,0000,0000,0000,0000,0000,0000,0000,0000,0000,0000,0000,0000,0000,0000,0000,0000,0000,0000,0000,0000,
# ------------------------------------------------------------------------------------------------------------------------------------------------------
# Packet header transmit time   : 32637510 ps
# Packet header                 : E2
# Packet size                   : 34
# Packet content column 0       : 14D4,2B50,14D4,14D4,14D4,14D4,14D4,14D4,14D4,14D4,14D4,14D4,14D4,14D4,14D4,14D4,14D4,14D4,14D4,14D4,14D4,14D4,14D4,14D4,14D4,14D4,14D4,14D4,14D4,14D4,14D4,14D4,14D4,14D4,
# Packet content column 1       : 0000,0000,0000,0000,0000,0000,0000,0000,0000,0000,0000,0000,0000,0000,0000,0000,0000,0000,0000,0000,0000,0000,0000,0000,0000,0000,0000,0000,0000,0000,0000,0000,0000,0000,
# Packet content column 2       : 0000,0000,0000,0000,0000,0000,0000,0000,0000,0000,0000,0000,0000,0000,0000,0000,0000,0000,0000,0000,0000,0000,0000,0000,0000,0000,0000,0000,0000,0000,0000,0000,0000,0000,
# Packet content column 3       : 0000,0000,0000,0000,0000,0000,0000,0000,0000,0000,0000,0000,0000,0000,0000,0000,0000,0000,0000,0000,0000,0000,0000,0000,0000,0000,0000,0000,0000,0000,0000,0000,0000,0000,
# ------------------------------------------------------------------------------------------------------------------------------------------------------
# Packet header transmit time   : 38080230 ps
# Packet header                 : E2
# Packet size                   : 34
# Packet content column 0       : 14D4,366C,14D4,14D4,14D4,14D4,14D4,14D4,14D4,14D4,14D4,14D4,14D4,14D4,14D4,14D4,14D4,14D4,14D4,14D4,14D4,14D4,14D4,14D4,14D4,14D4,14D4,14D4,14D4,14D4,14D4,14D4,14D4,14D4,
# Packet content column 1       : 0000,0000,0000,0000,0000,0000,0000,0000,0000,0000,0000,0000,0000,0000,0000,0000,0000,0000,0000,0000,0000,0000,0000,0000,0000,0000,0000,0000,0000,0000,0000,0000,0000,0000,
# Packet content column 2       : 0000,0000,0000,0000,0000,0000,0000,0000,0000,0000,0000,0000,0000,0000,0000,0000,0000,0000,0000,0000,0000,0000,0000,0000,0000,0000,0000,0000,0000,0000,0000,0000,0000,0000,
# Packet content column 3       : 0000,0000,0000,0000,0000,0000,0000,0000,0000,0000,0000,0000,0000,0000,0000,0000,0000,0000,0000,0000,0000,0000,0000,0000,0000,0000,0000,0000,0000,0000,0000,0000,0000,0000,
# ------------------------------------------------------------------------------------------------------------------------------------------------------
# Packet header transmit time   : 43522950 ps
# Packet header                 : E2
# Packet size                   : 34
# Packet content column 0       : 14D4,4014,14D4,14D4,14D4,14D4,14D4,14D4,14D4,14D4,14D4,14D4,14D4,14D4,14D4,14D4,14D4,14D4,14D4,14D4,14D4,14D4,14D4,14D4,14D4,14D4,14D4,14D4,14D4,14D4,14D4,14D4,14D4,14D4,
# Packet content column 1       : 0000,0000,0000,0000,0000,0000,0000,0000,0000,0000,0000,0000,0000,0000,0000,0000,0000,0000,0000,0000,0000,0000,0000,0000,0000,0000,0000,0000,0000,0000,0000,0000,0000,0000,
# Packet content column 2       : 0000,0000,0000,0000,0000,0000,0000,0000,0000,0000,0000,0000,0000,0000,0000,0000,0000,0000,0000,0000,0000,0000,0000,0000,0000,0000,0000,0000,0000,0000,0000,0000,0000,0000,
# Packet content column 3       : 0000,0000,0000,0000,0000,0000,0000,0000,0000,0000,0000,0000,0000,0000,0000,0000,0000,0000,0000,0000,0000,0000,0000,0000,0000,0000,0000,0000,0000,0000,0000,0000,0000,0000,
# ------------------------------------------------------------------------------------------------------------------------------------------------------
# Packet header transmit time   : 48965670 ps
# Packet header                 : E2
# Packet size                   : 34
# Packet content column 0       : 14D4,4958,14D4,14D4,14D4,14D4,14D4,14D4,14D4,14D4,14D4,14D4,14D4,14D4,14D4,14D4,14D4,14D4,14D4,14D4,14D4,14D4,14D4,14D4,14D4,14D4,14D4,14D4,14D4,14D4,14D4,14D4,14D4,14D4,
# Packet content column 1       : 0000,0000,0000,0000,0000,0000,0000,0000,0000,0000,0000,0000,0000,0000,0000,0000,0000,0000,0000,0000,0000,0000,0000,0000,0000,0000,0000,0000,0000,0000,0000,0000,0000,0000,
# Packet content column 2       : 0000,0000,0000,0000,0000,0000,0000,0000,0000,0000,0000,0000,0000,0000,0000,0000,0000,0000,0000,0000,0000,0000,0000,0000,0000,0000,0000,0000,0000,0000,0000,0000,0000,0000,
# Packet content column 3       : 0000,0000,0000,0000,0000,0000,0000,0000,0000,0000,0000,0000,0000,0000,0000,0000,0000,0000,0000,0000,0000,0000,0000,0000,0000,0000,0000,0000,0000,0000,0000,0000,0000,0000,
# ------------------------------------------------------------------------------------------------------------------------------------------------------
# Packet header transmit time   : 54408390 ps
# Packet header                 : E2
# Packet size                   : 34
# Packet content column 0       : 14D4,5140,14D4,14D4,14D4,14D4,14D4,14D4,14D4,14D4,14D4,14D4,14D4,14D4,14D4,14D4,14D4,14D4,14D4,14D4,14D4,14D4,14D4,14D4,14D4,14D4,14D4,14D4,14D4,14D4,14D4,14D4,14D4,14D4,
# Packet content column 1       : 0000,0000,0000,0000,0000,0000,0000,0000,0000,0000,0000,0000,0000,0000,0000,0000,0000,0000,0000,0000,0000,0000,0000,0000,0000,0000,0000,0000,0000,0000,0000,0000,0000,0000,
# Packet content column 2       : 0000,0000,0000,0000,0000,0000,0000,0000,0000,0000,0000,0000,0000,0000,0000,0000,0000,0000,0000,0000,0000,0000,0000,0000,0000,0000,0000,0000,0000,0000,0000,0000,0000,0000,
# Packet content column 3       : 0000,0000,0000,0000,0000,0000,0000,0000,0000,0000,0000,0000,0000,0000,0000,0000,0000,0000,0000,0000,0000,0000,0000,0000,0000,0000,0000,0000,0000,0000,0000,0000,0000,0000,
# ------------------------------------------------------------------------------------------------------------------------------------------------------
# Packet header transmit time   : 59851110 ps
# Packet header                 : E2
# Packet size                   : 34
# Packet content column 0       : 14D4,588C,14D4,14D4,14D4,14D4,14D4,14D4,14D4,14D4,14D4,14D4,14D4,14D4,14D4,14D4,14D4,14D4,14D4,14D4,14D4,14D4,14D4,14D4,14D4,14D4,14D4,14D4,14D4,14D4,14D4,14D4,14D4,14D4,
# Packet content column 1       : 0000,0000,0000,0000,0000,0000,0000,0000,0000,0000,0000,0000,0000,0000,0000,0000,0000,0000,0000,0000,0000,0000,0000,0000,0000,0000,0000,0000,0000,0000,0000,0000,0000,0000,
# Packet content column 2       : 0000,0000,0000,0000,0000,0000,0000,0000,0000,0000,0000,0000,0000,0000,0000,0000,0000,0000,0000,0000,0000,0000,0000,0000,0000,0000,0000,0000,0000,0000,0000,0000,0000,0000,
# Packet content column 3       : 0000,0000,0000,0000,0000,0000,0000,0000,0000,0000,0000,0000,0000,0000,0000,0000,0000,0000,0000,0000,0000,0000,0000,0000,0000,0000,0000,0000,0000,0000,0000,0000,0000,0000,
# ------------------------------------------------------------------------------------------------------------------------------------------------------
# Packet header transmit time   : 65293830 ps
# Packet header                 : E2
# Packet size                   : 34
# Packet content column 0       : 14D4,5E60,14D4,14D4,14D4,14D4,14D4,14D4,14D4,14D4,14D4,14D4,14D4,14D4,14D4,14D4,14D4,14D4,14D4,14D4,14D4,14D4,14D4,14D4,14D4,14D4,14D4,14D4,14D4,14D4,14D4,14D4,14D4,14D4,
# Packet content column 1       : 0000,0000,0000,0000,0000,0000,0000,0000,0000,0000,0000,0000,0000,0000,0000,0000,0000,0000,0000,0000,0000,0000,0000,0000,0000,0000,0000,0000,0000,0000,0000,0000,0000,0000,
# Packet content column 2       : 0000,0000,0000,0000,0000,0000,0000,0000,0000,0000,0000,0000,0000,0000,0000,0000,0000,0000,0000,0000,0000,0000,0000,0000,0000,0000,0000,0000,0000,0000,0000,0000,0000,0000,
# Packet content column 3       : 0000,0000,0000,0000,0000,0000,0000,0000,0000,0000,0000,0000,0000,0000,0000,0000,0000,0000,0000,0000,0000,0000,0000,0000,0000,0000,0000,0000,0000,0000,0000,0000,0000,0000,
# ------------------------------------------------------------------------------------------------------------------------------------------------------
# Packet header transmit time   : 70736550 ps
# Packet header                 : E2
# Packet size                   : 34
# Packet content column 0       : 14D4,639C,14D4,14D4,14D4,14D4,14D4,14D4,14D4,14D4,14D4,14D4,14D4,14D4,14D4,14D4,14D4,14D4,14D4,14D4,14D4,14D4,14D4,14D4,14D4,14D4,14D4,14D4,14D4,14D4,14D4,14D4,14D4,14D4,
# Packet content column 1       : 0000,0000,0000,0000,0000,0000,0000,0000,0000,0000,0000,0000,0000,0000,0000,0000,0000,0000,0000,0000,0000,0000,0000,0000,0000,0000,0000,0000,0000,0000,0000,0000,0000,0000,
# Packet content column 2       : 0000,0000,0000,0000,0000,0000,0000,0000,0000,0000,0000,0000,0000,0000,0000,0000,0000,0000,0000,0000,0000,0000,0000,0000,0000,0000,0000,0000,0000,0000,0000,0000,0000,0000,
# Packet content column 3       : 0000,0000,0000,0000,0000,0000,0000,0000,0000,0000,0000,0000,0000,0000,0000,0000,0000,0000,0000,0000,0000,0000,0000,0000,0000,0000,0000,0000,0000,0000,0000,0000,0000,0000,
# ------------------------------------------------------------------------------------------------------------------------------------------------------
# Packet header transmit time   : 76179270 ps
# Packet header                 : E2
# Packet size                   : 34
# Packet content column 0       : 14D4,685C,14D4,14D4,14D4,14D4,14D4,14D4,14D4,14D4,14D4,14D4,14D4,14D4,14D4,14D4,14D4,14D4,14D4,14D4,14D4,14D4,14D4,14D4,14D4,14D4,14D4,14D4,14D4,14D4,14D4,14D4,14D4,14D4,
# Packet content column 1       : 0000,0000,0000,0000,0000,0000,0000,0000,0000,0000,0000,0000,0000,0000,0000,0000,0000,0000,0000,0000,0000,0000,0000,0000,0000,0000,0000,0000,0000,0000,0000,0000,0000,0000,
# Packet content column 2       : 0000,0000,0000,0000,0000,0000,0000,0000,0000,0000,0000,0000,0000,0000,0000,0000,0000,0000,0000,0000,0000,0000,0000,0000,0000,0000,0000,0000,0000,0000,0000,0000,0000,0000,
# Packet content column 3       : 0000,0000,0000,0000,0000,0000,0000,0000,0000,0000,0000,0000,0000,0000,0000,0000,0000,0000,0000,0000,0000,0000,0000,0000,0000,0000,0000,0000,0000,0000,0000,0000,0000,0000,
# ------------------------------------------------------------------------------------------------------------------------------------------------------
# Packet header transmit time   : 81621990 ps
# Packet header                 : E2
# Packet size                   : 34
# Packet content column 0       : 14D4,6CA0,14D4,14D4,14D4,14D4,14D4,14D4,14D4,14D4,14D4,14D4,14D4,14D4,14D4,14D4,14D4,14D4,14D4,14D4,14D4,14D4,14D4,14D4,14D4,14D4,14D4,14D4,14D4,14D4,14D4,14D4,14D4,14D4,
# Packet content column 1       : 0000,0000,0000,0000,0000,0000,0000,0000,0000,0000,0000,0000,0000,0000,0000,0000,0000,0000,0000,0000,0000,0000,0000,0000,0000,0000,0000,0000,0000,0000,0000,0000,0000,0000,
# Packet content column 2       : 0000,0000,0000,0000,0000,0000,0000,0000,0000,0000,0000,0000,0000,0000,0000,0000,0000,0000,0000,0000,0000,0000,0000,0000,0000,0000,0000,0000,0000,0000,0000,0000,0000,0000,
# Packet content column 3       : 0000,0000,0000,0000,0000,0000,0000,0000,0000,0000,0000,0000,0000,0000,0000,0000,0000,0000,0000,0000,0000,0000,0000,0000,0000,0000,0000,0000,0000,0000,0000,0000,0000,0000,
# ------------------------------------------------------------------------------------------------------------------------------------------------------
# Packet header transmit time   : 87064710 ps
# Packet header                 : E2
# Packet size                   : 34
# Packet content column 0       : 14D4,6FE0,14D4,14D4,14D4,14D4,14D4,14D4,14D4,14D4,14D4,14D4,14D4,14D4,14D4,14D4,14D4,14D4,14D4,14D4,14D4,14D4,14D4,14D4,14D4,14D4,14D4,14D4,14D4,14D4,14D4,14D4,14D4,14D4,
# Packet content column 1       : 0000,0000,0000,0000,0000,0000,0000,0000,0000,0000,0000,0000,0000,0000,0000,0000,0000,0000,0000,0000,0000,0000,0000,0000,0000,0000,0000,0000,0000,0000,0000,0000,0000,0000,
# Packet content column 2       : 0000,0000,0000,0000,0000,0000,0000,0000,0000,0000,0000,0000,0000,0000,0000,0000,0000,0000,0000,0000,0000,0000,0000,0000,0000,0000,0000,0000,0000,0000,0000,0000,0000,0000,
# Packet content column 3       : 0000,0000,0000,0000,0000,0000,0000,0000,0000,0000,0000,0000,0000,0000,0000,0000,0000,0000,0000,0000,0000,0000,0000,0000,0000,0000,0000,0000,0000,0000,0000,0000,0000,0000,
# ------------------------------------------------------------------------------------------------------------------------------------------------------
# Packet header transmit time   : 92507430 ps
# Packet header                 : E2
# Packet size                   : 34
# Packet content column 0       : 14D4,72BC,14D4,14D4,14D4,14D4,14D4,14D4,14D4,14D4,14D4,14D4,14D4,14D4,14D4,14D4,14D4,14D4,14D4,14D4,14D4,14D4,14D4,14D4,14D4,14D4,14D4,14D4,14D4,14D4,14D4,14D4,14D4,14D4,
# Packet content column 1       : 0000,0000,0000,0000,0000,0000,0000,0000,0000,0000,0000,0000,0000,0000,0000,0000,0000,0000,0000,0000,0000,0000,0000,0000,0000,0000,0000,0000,0000,0000,0000,0000,0000,0000,
# Packet content column 2       : 0000,0000,0000,0000,0000,0000,0000,0000,0000,0000,0000,0000,0000,0000,0000,0000,0000,0000,0000,0000,0000,0000,0000,0000,0000,0000,0000,0000,0000,0000,0000,0000,0000,0000,
# Packet content column 3       : 0000,0000,0000,0000,0000,0000,0000,0000,0000,0000,0000,0000,0000,0000,0000,0000,0000,0000,0000,0000,0000,0000,0000,0000,0000,0000,0000,0000,0000,0000,0000,0000,0000,0000,
# ------------------------------------------------------------------------------------------------------------------------------------------------------
# Simulation status             : PASS
# ------------------------------------------------------------------------------------------------------------------------------------------------------
