# ------------------------------------------------------------------------------------------------------------------------------------------------------
# Packet header transmit time   : 120212076 ps
# Packet header                 : E2
# Packet size                   : 34
# Packet content column 0       : 0000,0000,0000,0000,0000,0000,0000,0000,0000,0000,0000,0000,0000,0000,0000,0000,0000,0000,0000,0000,0000,0000,0000,0000,0000,0000,0000,0000,0000,0000,0000,0000,0000,0000,
# Packet content column 1       : 0000,0000,0000,0000,0000,0000,0000,0000,0000,0000,0000,0000,0000,0000,0000,0000,0000,0000,0000,0000,0000,0000,0000,0000,0000,0000,0000,0000,0000,0000,0000,0000,0000,0000,
# Packet content column 2       : 0000,0000,0000,0000,0000,0000,0000,0000,0000,0000,0000,0000,0000,0000,0000,0000,0000,0000,0000,0000,0000,0000,0000,0000,0000,0000,0000,0000,0000,0000,0000,0000,0000,0000,
# Packet content column 3       : 0000,0000,0000,0000,0000,0000,0000,0000,0000,0000,0000,0000,0000,0000,0000,0000,0000,0000,0000,0000,0000,0000,0000,0000,0000,0000,0000,0000,0000,0000,0000,0000,0000,0000,
# ------------------------------------------------------------------------------------------------------------------------------------------------------
# Packet header transmit time   : 125654796 ps
# Packet header                 : E2
# Packet size                   : 34
# Packet content column 0       : 0000,0000,0000,0000,0000,0000,0000,0000,0000,0000,0000,0000,0000,0000,0000,0000,0000,0000,0000,0000,0000,0000,0000,0000,0000,0000,0000,0000,0000,0000,0000,0000,0000,0000,
# Packet content column 1       : 0000,0000,0000,0000,0000,0000,0000,0000,0000,0000,0000,0000,0000,0000,0000,0000,0000,0000,0000,0000,0000,0000,0000,0000,0000,0000,0000,0000,0000,0000,0000,0000,0000,0000,
# Packet content column 2       : 0000,0000,0000,0000,0000,0000,0000,0000,0000,0000,0000,0000,0000,0000,0000,0000,0000,0000,0000,0000,0000,0000,0000,0000,0000,0000,0000,0000,0000,0000,0000,0000,0000,0000,
# Packet content column 3       : 0000,0000,0000,0000,0000,0000,0000,0000,0000,0000,0000,0000,0000,0000,0000,0000,0000,0000,0000,0000,0000,0000,0000,0000,0000,0000,0000,0000,0000,0000,0000,0000,0000,0000,
# ------------------------------------------------------------------------------------------------------------------------------------------------------
# Packet header transmit time   : 131097516 ps
# Packet header                 : E2
# Packet size                   : 34
# Packet content column 0       : 0000,0000,0000,0000,0000,0000,0000,0000,0000,0000,0000,0000,0000,0000,0000,0000,0000,0000,0000,0000,0000,0000,0000,0000,0000,0000,0000,0000,0000,0000,0000,0000,0000,0000,
# Packet content column 1       : 0000,0000,0000,0000,0000,0000,0000,0000,0000,0000,0000,0000,0000,0000,0000,0000,0000,0000,0000,0000,0000,0000,0000,0000,0000,0000,0000,0000,0000,0000,0000,0000,0000,0000,
# Packet content column 2       : 0000,0000,0000,0000,0000,0000,0000,0000,0000,0000,0000,0000,0000,0000,0000,0000,0000,0000,0000,0000,0000,0000,0000,0000,0000,0000,0000,0000,0000,0000,0000,0000,0000,0000,
# Packet content column 3       : 0000,0000,0000,0000,0000,0000,0000,0000,0000,0000,0000,0000,0000,0000,0000,0000,0000,0000,0000,0000,0000,0000,0000,0000,0000,0000,0000,0000,0000,0000,0000,0000,0000,0000,
# ------------------------------------------------------------------------------------------------------------------------------------------------------
# Packet header transmit time   : 136540236 ps
# Packet header                 : E2
# Packet size                   : 34
# Packet content column 0       : 0000,0000,0000,0000,0000,0000,0000,0000,0000,0000,0000,0000,0000,0000,0000,0000,0000,0000,0000,0000,0000,0000,0000,0000,0000,0000,0000,0000,0000,0000,0000,0000,0000,0000,
# Packet content column 1       : 0000,0000,0000,0000,0000,0000,0000,0000,0000,0000,0000,0000,0000,0000,0000,0000,0000,0000,0000,0000,0000,0000,0000,0000,0000,0000,0000,0000,0000,0000,0000,0000,0000,0000,
# Packet content column 2       : 0000,0000,0000,0000,0000,0000,0000,0000,0000,0000,0000,0000,0000,0000,0000,0000,0000,0000,0000,0000,0000,0000,0000,0000,0000,0000,0000,0000,0000,0000,0000,0000,0000,0000,
# Packet content column 3       : 0000,0000,0000,0000,0000,0000,0000,0000,0000,0000,0000,0000,0000,0000,0000,0000,0000,0000,0000,0000,0000,0000,0000,0000,0000,0000,0000,0000,0000,0000,0000,0000,0000,0000,
# ------------------------------------------------------------------------------------------------------------------------------------------------------
# Packet header transmit time   : 141982956 ps
# Packet header                 : E2
# Packet size                   : 34
# Packet content column 0       : 1000,1000,1000,1000,1000,1000,1000,1000,1000,1000,1000,1000,1000,1000,1000,1000,1000,1000,1000,1000,1000,1000,1000,1000,1000,1000,1000,1000,1000,1000,1000,1000,1000,1000,
# Packet content column 1       : 1000,1000,1000,1000,1000,1000,1000,1000,1000,1000,1000,1000,1000,1000,1000,1000,1000,1000,1000,1000,1000,1000,1000,1000,1000,1000,1000,1000,1000,1000,1000,1000,1000,1000,
# Packet content column 2       : 1000,1000,1000,1000,1000,1000,1000,1000,1000,1000,1000,1000,1000,1000,1000,1000,1000,1000,1000,1000,1000,1000,1000,1000,1000,1000,1000,1000,1000,1000,1000,1000,1000,1000,
# Packet content column 3       : 1000,1000,1000,1000,1000,1000,1000,1000,1000,1000,1000,1000,1000,1000,1000,1000,1000,1000,1000,1000,1000,1000,1000,1000,1000,1000,1000,1000,1000,1000,1000,1000,1000,1000,
# ------------------------------------------------------------------------------------------------------------------------------------------------------
# Packet header transmit time   : 147425676 ps
# Packet header                 : E2
# Packet size                   : 34
# Packet content column 0       : 2000,2000,2000,2000,2000,2000,2000,2000,2000,2000,2000,2000,2000,2000,2000,2000,2000,2000,2000,2000,2000,2000,2000,2000,2000,2000,2000,2000,2000,2000,2000,2000,2000,2000,
# Packet content column 1       : 2000,2000,2000,2000,2000,2000,2000,2000,2000,2000,2000,2000,2000,2000,2000,2000,2000,2000,2000,2000,2000,2000,2000,2000,2000,2000,2000,2000,2000,2000,2000,2000,2000,2000,
# Packet content column 2       : 2000,2000,2000,2000,2000,2000,2000,2000,2000,2000,2000,2000,2000,2000,2000,2000,2000,2000,2000,2000,2000,2000,2000,2000,2000,2000,2000,2000,2000,2000,2000,2000,2000,2000,
# Packet content column 3       : 2000,2000,2000,2000,2000,2000,2000,2000,2000,2000,2000,2000,2000,2000,2000,2000,2000,2000,2000,2000,2000,2000,2000,2000,2000,2000,2000,2000,2000,2000,2000,2000,2000,2000,
# ------------------------------------------------------------------------------------------------------------------------------------------------------
# Packet header transmit time   : 152868396 ps
# Packet header                 : E2
# Packet size                   : 34
# Packet content column 0       : 3000,3000,3000,3000,3000,3000,3000,3000,3000,3000,3000,3000,3000,3000,3000,3000,3000,3000,3000,3000,3000,3000,3000,3000,3000,3000,3000,3000,3000,3000,3000,3000,3000,3000,
# Packet content column 1       : 3000,3000,3000,3000,3000,3000,3000,3000,3000,3000,3000,3000,3000,3000,3000,3000,3000,3000,3000,3000,3000,3000,3000,3000,3000,3000,3000,3000,3000,3000,3000,3000,3000,3000,
# Packet content column 2       : 3000,3000,3000,3000,3000,3000,3000,3000,3000,3000,3000,3000,3000,3000,3000,3000,3000,3000,3000,3000,3000,3000,3000,3000,3000,3000,3000,3000,3000,3000,3000,3000,3000,3000,
# Packet content column 3       : 3000,3000,3000,3000,3000,3000,3000,3000,3000,3000,3000,3000,3000,3000,3000,3000,3000,3000,3000,3000,3000,3000,3000,3000,3000,3000,3000,3000,3000,3000,3000,3000,3000,3000,
# ------------------------------------------------------------------------------------------------------------------------------------------------------
# Packet header transmit time   : 158311116 ps
# Packet header                 : E2
# Packet size                   : 34
# Packet content column 0       : 4000,4000,4000,4000,4000,4000,4000,4000,4000,4000,4000,4000,4000,4000,4000,4000,4000,4000,4000,4000,4000,4000,4000,4000,4000,4000,4000,4000,4000,4000,4000,4000,4000,4000,
# Packet content column 1       : 4000,4000,4000,4000,4000,4000,4000,4000,4000,4000,4000,4000,4000,4000,4000,4000,4000,4000,4000,4000,4000,4000,4000,4000,4000,4000,4000,4000,4000,4000,4000,4000,4000,4000,
# Packet content column 2       : 4000,4000,4000,4000,4000,4000,4000,4000,4000,4000,4000,4000,4000,4000,4000,4000,4000,4000,4000,4000,4000,4000,4000,4000,4000,4000,4000,4000,4000,4000,4000,4000,4000,4000,
# Packet content column 3       : 4000,4000,4000,4000,4000,4000,4000,4000,4000,4000,4000,4000,4000,4000,4000,4000,4000,4000,4000,4000,4000,4000,4000,4000,4000,4000,4000,4000,4000,4000,4000,4000,4000,4000,
# ------------------------------------------------------------------------------------------------------------------------------------------------------
# Packet header transmit time   : 163753836 ps
# Packet header                 : E2
# Packet size                   : 34
# Packet content column 0       : 5000,5000,5000,5000,5000,5000,5000,5000,5000,5000,5000,5000,5000,5000,5000,5000,5000,5000,5000,5000,5000,5000,5000,5000,5000,5000,5000,5000,5000,5000,5000,5000,5000,5000,
# Packet content column 1       : 5000,5000,5000,5000,5000,5000,5000,5000,5000,5000,5000,5000,5000,5000,5000,5000,5000,5000,5000,5000,5000,5000,5000,5000,5000,5000,5000,5000,5000,5000,5000,5000,5000,5000,
# Packet content column 2       : 5000,5000,5000,5000,5000,5000,5000,5000,5000,5000,5000,5000,5000,5000,5000,5000,5000,5000,5000,5000,5000,5000,5000,5000,5000,5000,5000,5000,5000,5000,5000,5000,5000,5000,
# Packet content column 3       : 5000,5000,5000,5000,5000,5000,5000,5000,5000,5000,5000,5000,5000,5000,5000,5000,5000,5000,5000,5000,5000,5000,5000,5000,5000,5000,5000,5000,5000,5000,5000,5000,5000,5000,
# ------------------------------------------------------------------------------------------------------------------------------------------------------
# Packet header transmit time   : 169196556 ps
# Packet header                 : E2
# Packet size                   : 34
# Packet content column 0       : 6000,6000,6000,6000,6000,6000,6000,6000,6000,6000,6000,6000,6000,6000,6000,6000,6000,6000,6000,6000,6000,6000,6000,6000,6000,6000,6000,6000,6000,6000,6000,6000,6000,6000,
# Packet content column 1       : 6000,6000,6000,6000,6000,6000,6000,6000,6000,6000,6000,6000,6000,6000,6000,6000,6000,6000,6000,6000,6000,6000,6000,6000,6000,6000,6000,6000,6000,6000,6000,6000,6000,6000,
# Packet content column 2       : 6000,6000,6000,6000,6000,6000,6000,6000,6000,6000,6000,6000,6000,6000,6000,6000,6000,6000,6000,6000,6000,6000,6000,6000,6000,6000,6000,6000,6000,6000,6000,6000,6000,6000,
# Packet content column 3       : 6000,6000,6000,6000,6000,6000,6000,6000,6000,6000,6000,6000,6000,6000,6000,6000,6000,6000,6000,6000,6000,6000,6000,6000,6000,6000,6000,6000,6000,6000,6000,6000,6000,6000,
# ------------------------------------------------------------------------------------------------------------------------------------------------------
# Packet header transmit time   : 174639276 ps
# Packet header                 : E2
# Packet size                   : 34
# Packet content column 0       : 7000,7000,7000,7000,7000,7000,7000,7000,7000,7000,7000,7000,7000,7000,7000,7000,7000,7000,7000,7000,7000,7000,7000,7000,7000,7000,7000,7000,7000,7000,7000,7000,7000,7000,
# Packet content column 1       : 7000,7000,7000,7000,7000,7000,7000,7000,7000,7000,7000,7000,7000,7000,7000,7000,7000,7000,7000,7000,7000,7000,7000,7000,7000,7000,7000,7000,7000,7000,7000,7000,7000,7000,
# Packet content column 2       : 7000,7000,7000,7000,7000,7000,7000,7000,7000,7000,7000,7000,7000,7000,7000,7000,7000,7000,7000,7000,7000,7000,7000,7000,7000,7000,7000,7000,7000,7000,7000,7000,7000,7000,
# Packet content column 3       : 7000,7000,7000,7000,7000,7000,7000,7000,7000,7000,7000,7000,7000,7000,7000,7000,7000,7000,7000,7000,7000,7000,7000,7000,7000,7000,7000,7000,7000,7000,7000,7000,7000,7000,
# ------------------------------------------------------------------------------------------------------------------------------------------------------
# Packet header transmit time   : 180081996 ps
# Packet header                 : E2
# Packet size                   : 34
# Packet content column 0       : 7000,7000,7000,7000,7000,7000,7000,7000,7000,7000,7000,7000,7000,7000,7000,7000,7000,7000,7000,7000,7000,7000,7000,7000,7000,7000,7000,7000,7000,7000,7000,7000,7000,7000,
# Packet content column 1       : 7000,7000,7000,7000,7000,7000,7000,7000,7000,7000,7000,7000,7000,7000,7000,7000,7000,7000,7000,7000,7000,7000,7000,7000,7000,7000,7000,7000,7000,7000,7000,7000,7000,7000,
# Packet content column 2       : 7000,7000,7000,7000,7000,7000,7000,7000,7000,7000,7000,7000,7000,7000,7000,7000,7000,7000,7000,7000,7000,7000,7000,7000,7000,7000,7000,7000,7000,7000,7000,7000,7000,7000,
# Packet content column 3       : 7000,7000,7000,7000,7000,7000,7000,7000,7000,7000,7000,7000,7000,7000,7000,7000,7000,7000,7000,7000,7000,7000,7000,7000,7000,7000,7000,7000,7000,7000,7000,7000,7000,7000,
# ------------------------------------------------------------------------------------------------------------------------------------------------------
# Packet header transmit time   : 185524716 ps
# Packet header                 : E2
# Packet size                   : 34
# Packet content column 0       : 7000,7000,7000,7000,7000,7000,7000,7000,7000,7000,7000,7000,7000,7000,7000,7000,7000,7000,7000,7000,7000,7000,7000,7000,7000,7000,7000,7000,7000,7000,7000,7000,7000,7000,
# Packet content column 1       : 7000,7000,7000,7000,7000,7000,7000,7000,7000,7000,7000,7000,7000,7000,7000,7000,7000,7000,7000,7000,7000,7000,7000,7000,7000,7000,7000,7000,7000,7000,7000,7000,7000,7000,
# Packet content column 2       : 7000,7000,7000,7000,7000,7000,7000,7000,7000,7000,7000,7000,7000,7000,7000,7000,7000,7000,7000,7000,7000,7000,7000,7000,7000,7000,7000,7000,7000,7000,7000,7000,7000,7000,
# Packet content column 3       : 7000,7000,7000,7000,7000,7000,7000,7000,7000,7000,7000,7000,7000,7000,7000,7000,7000,7000,7000,7000,7000,7000,7000,7000,7000,7000,7000,7000,7000,7000,7000,7000,7000,7000,
# ------------------------------------------------------------------------------------------------------------------------------------------------------
# Packet header transmit time   : 190967436 ps
# Packet header                 : E2
# Packet size                   : 34
# Packet content column 0       : 7000,7000,7000,7000,7000,7000,7000,7000,7000,7000,7000,7000,7000,7000,7000,7000,7000,7000,7000,7000,7000,7000,7000,7000,7000,7000,7000,7000,7000,7000,7000,7000,7000,7000,
# Packet content column 1       : 7000,7000,7000,7000,7000,7000,7000,7000,7000,7000,7000,7000,7000,7000,7000,7000,7000,7000,7000,7000,7000,7000,7000,7000,7000,7000,7000,7000,7000,7000,7000,7000,7000,7000,
# Packet content column 2       : 7000,7000,7000,7000,7000,7000,7000,7000,7000,7000,7000,7000,7000,7000,7000,7000,7000,7000,7000,7000,7000,7000,7000,7000,7000,7000,7000,7000,7000,7000,7000,7000,7000,7000,
# Packet content column 3       : 7000,7000,7000,7000,7000,7000,7000,7000,7000,7000,7000,7000,7000,7000,7000,7000,7000,7000,7000,7000,7000,7000,7000,7000,7000,7000,7000,7000,7000,7000,7000,7000,7000,7000,
# ------------------------------------------------------------------------------------------------------------------------------------------------------
# Packet header transmit time   : 196410156 ps
# Packet header                 : E2
# Packet size                   : 34
# Packet content column 0       : 7000,7000,7000,7000,7000,7000,7000,7000,7000,7000,7000,7000,7000,7000,7000,7000,7000,7000,7000,7000,7000,7000,7000,7000,7000,7000,7000,7000,7000,7000,7000,7000,7000,7000,
# Packet content column 1       : 7000,7000,7000,7000,7000,7000,7000,7000,7000,7000,7000,7000,7000,7000,7000,7000,7000,7000,7000,7000,7000,7000,7000,7000,7000,7000,7000,7000,7000,7000,7000,7000,7000,7000,
# Packet content column 2       : 7000,7000,7000,7000,7000,7000,7000,7000,7000,7000,7000,7000,7000,7000,7000,7000,7000,7000,7000,7000,7000,7000,7000,7000,7000,7000,7000,7000,7000,7000,7000,7000,7000,7000,
# Packet content column 3       : 7000,7000,7000,7000,7000,7000,7000,7000,7000,7000,7000,7000,7000,7000,7000,7000,7000,7000,7000,7000,7000,7000,7000,7000,7000,7000,7000,7000,7000,7000,7000,7000,7000,7000,
# ------------------------------------------------------------------------------------------------------------------------------------------------------
# Packet header transmit time   : 201852876 ps
# Packet header                 : E2
# Packet size                   : 34
# Packet content column 0       : 6200,6200,6200,6200,6200,6200,6200,6200,6200,6200,6200,6200,6200,6200,6200,6200,6200,6200,6200,6200,6200,6200,6200,6200,6200,6200,6200,6200,6200,6200,6200,6200,6200,6200,
# Packet content column 1       : 6200,6200,6200,6200,6200,6200,6200,6200,6200,6200,6200,6200,6200,6200,6200,6200,6200,6200,6200,6200,6200,6200,6200,6200,6200,6200,6200,6200,6200,6200,6200,6200,6200,6200,
# Packet content column 2       : 6200,6200,6200,6200,6200,6200,6200,6200,6200,6200,6200,6200,6200,6200,6200,6200,6200,6200,6200,6200,6200,6200,6200,6200,6200,6200,6200,6200,6200,6200,6200,6200,6200,6200,
# Packet content column 3       : 6200,6200,6200,6200,6200,6200,6200,6200,6200,6200,6200,6200,6200,6200,6200,6200,6200,6200,6200,6200,6200,6200,6200,6200,6200,6200,6200,6200,6200,6200,6200,6200,6200,6200,
# ------------------------------------------------------------------------------------------------------------------------------------------------------
# Packet header transmit time   : 207295596 ps
# Packet header                 : E2
# Packet size                   : 34
# Packet content column 0       : 5400,5400,5400,5400,5400,5400,5400,5400,5400,5400,5400,5400,5400,5400,5400,5400,5400,5400,5400,5400,5400,5400,5400,5400,5400,5400,5400,5400,5400,5400,5400,5400,5400,5400,
# Packet content column 1       : 5400,5400,5400,5400,5400,5400,5400,5400,5400,5400,5400,5400,5400,5400,5400,5400,5400,5400,5400,5400,5400,5400,5400,5400,5400,5400,5400,5400,5400,5400,5400,5400,5400,5400,
# Packet content column 2       : 5400,5400,5400,5400,5400,5400,5400,5400,5400,5400,5400,5400,5400,5400,5400,5400,5400,5400,5400,5400,5400,5400,5400,5400,5400,5400,5400,5400,5400,5400,5400,5400,5400,5400,
# Packet content column 3       : 5400,5400,5400,5400,5400,5400,5400,5400,5400,5400,5400,5400,5400,5400,5400,5400,5400,5400,5400,5400,5400,5400,5400,5400,5400,5400,5400,5400,5400,5400,5400,5400,5400,5400,
# ------------------------------------------------------------------------------------------------------------------------------------------------------
# Packet header transmit time   : 212738316 ps
# Packet header                 : E2
# Packet size                   : 34
# Packet content column 0       : 4600,4600,4600,4600,4600,4600,4600,4600,4600,4600,4600,4600,4600,4600,4600,4600,4600,4600,4600,4600,4600,4600,4600,4600,4600,4600,4600,4600,4600,4600,4600,4600,4600,4600,
# Packet content column 1       : 4600,4600,4600,4600,4600,4600,4600,4600,4600,4600,4600,4600,4600,4600,4600,4600,4600,4600,4600,4600,4600,4600,4600,4600,4600,4600,4600,4600,4600,4600,4600,4600,4600,4600,
# Packet content column 2       : 4600,4600,4600,4600,4600,4600,4600,4600,4600,4600,4600,4600,4600,4600,4600,4600,4600,4600,4600,4600,4600,4600,4600,4600,4600,4600,4600,4600,4600,4600,4600,4600,4600,4600,
# Packet content column 3       : 4600,4600,4600,4600,4600,4600,4600,4600,4600,4600,4600,4600,4600,4600,4600,4600,4600,4600,4600,4600,4600,4600,4600,4600,4600,4600,4600,4600,4600,4600,4600,4600,4600,4600,
# ------------------------------------------------------------------------------------------------------------------------------------------------------
# Packet header transmit time   : 218181036 ps
# Packet header                 : E2
# Packet size                   : 34
# Packet content column 0       : 3800,3800,3800,3800,3800,3800,3800,3800,3800,3800,3800,3800,3800,3800,3800,3800,3800,3800,3800,3800,3800,3800,3800,3800,3800,3800,3800,3800,3800,3800,3800,3800,3800,3800,
# Packet content column 1       : 3800,3800,3800,3800,3800,3800,3800,3800,3800,3800,3800,3800,3800,3800,3800,3800,3800,3800,3800,3800,3800,3800,3800,3800,3800,3800,3800,3800,3800,3800,3800,3800,3800,3800,
# Packet content column 2       : 3800,3800,3800,3800,3800,3800,3800,3800,3800,3800,3800,3800,3800,3800,3800,3800,3800,3800,3800,3800,3800,3800,3800,3800,3800,3800,3800,3800,3800,3800,3800,3800,3800,3800,
# Packet content column 3       : 3800,3800,3800,3800,3800,3800,3800,3800,3800,3800,3800,3800,3800,3800,3800,3800,3800,3800,3800,3800,3800,3800,3800,3800,3800,3800,3800,3800,3800,3800,3800,3800,3800,3800,
# ------------------------------------------------------------------------------------------------------------------------------------------------------
# Packet header transmit time   : 223623756 ps
# Packet header                 : E2
# Packet size                   : 34
# Packet content column 0       : 2A00,2A00,2A00,2A00,2A00,2A00,2A00,2A00,2A00,2A00,2A00,2A00,2A00,2A00,2A00,2A00,2A00,2A00,2A00,2A00,2A00,2A00,2A00,2A00,2A00,2A00,2A00,2A00,2A00,2A00,2A00,2A00,2A00,2A00,
# Packet content column 1       : 2A00,2A00,2A00,2A00,2A00,2A00,2A00,2A00,2A00,2A00,2A00,2A00,2A00,2A00,2A00,2A00,2A00,2A00,2A00,2A00,2A00,2A00,2A00,2A00,2A00,2A00,2A00,2A00,2A00,2A00,2A00,2A00,2A00,2A00,
# Packet content column 2       : 2A00,2A00,2A00,2A00,2A00,2A00,2A00,2A00,2A00,2A00,2A00,2A00,2A00,2A00,2A00,2A00,2A00,2A00,2A00,2A00,2A00,2A00,2A00,2A00,2A00,2A00,2A00,2A00,2A00,2A00,2A00,2A00,2A00,2A00,
# Packet content column 3       : 2A00,2A00,2A00,2A00,2A00,2A00,2A00,2A00,2A00,2A00,2A00,2A00,2A00,2A00,2A00,2A00,2A00,2A00,2A00,2A00,2A00,2A00,2A00,2A00,2A00,2A00,2A00,2A00,2A00,2A00,2A00,2A00,2A00,2A00,
# ------------------------------------------------------------------------------------------------------------------------------------------------------
# Packet header transmit time   : 229066476 ps
# Packet header                 : E2
# Packet size                   : 34
# Packet content column 0       : 1C00,1C00,1C00,1C00,1C00,1C00,1C00,1C00,1C00,1C00,1C00,1C00,1C00,1C00,1C00,1C00,1C00,1C00,1C00,1C00,1C00,1C00,1C00,1C00,1C00,1C00,1C00,1C00,1C00,1C00,1C00,1C00,1C00,1C00,
# Packet content column 1       : 1C00,1C00,1C00,1C00,1C00,1C00,1C00,1C00,1C00,1C00,1C00,1C00,1C00,1C00,1C00,1C00,1C00,1C00,1C00,1C00,1C00,1C00,1C00,1C00,1C00,1C00,1C00,1C00,1C00,1C00,1C00,1C00,1C00,1C00,
# Packet content column 2       : 1C00,1C00,1C00,1C00,1C00,1C00,1C00,1C00,1C00,1C00,1C00,1C00,1C00,1C00,1C00,1C00,1C00,1C00,1C00,1C00,1C00,1C00,1C00,1C00,1C00,1C00,1C00,1C00,1C00,1C00,1C00,1C00,1C00,1C00,
# Packet content column 3       : 1C00,1C00,1C00,1C00,1C00,1C00,1C00,1C00,1C00,1C00,1C00,1C00,1C00,1C00,1C00,1C00,1C00,1C00,1C00,1C00,1C00,1C00,1C00,1C00,1C00,1C00,1C00,1C00,1C00,1C00,1C00,1C00,1C00,1C00,
# ------------------------------------------------------------------------------------------------------------------------------------------------------
# Packet header transmit time   : 234509196 ps
# Packet header                 : E2
# Packet size                   : 34
# Packet content column 0       : 0E00,0E00,0E00,0E00,0E00,0E00,0E00,0E00,0E00,0E00,0E00,0E00,0E00,0E00,0E00,0E00,0E00,0E00,0E00,0E00,0E00,0E00,0E00,0E00,0E00,0E00,0E00,0E00,0E00,0E00,0E00,0E00,0E00,0E00,
# Packet content column 1       : 0E00,0E00,0E00,0E00,0E00,0E00,0E00,0E00,0E00,0E00,0E00,0E00,0E00,0E00,0E00,0E00,0E00,0E00,0E00,0E00,0E00,0E00,0E00,0E00,0E00,0E00,0E00,0E00,0E00,0E00,0E00,0E00,0E00,0E00,
# Packet content column 2       : 0E00,0E00,0E00,0E00,0E00,0E00,0E00,0E00,0E00,0E00,0E00,0E00,0E00,0E00,0E00,0E00,0E00,0E00,0E00,0E00,0E00,0E00,0E00,0E00,0E00,0E00,0E00,0E00,0E00,0E00,0E00,0E00,0E00,0E00,
# Packet content column 3       : 0E00,0E00,0E00,0E00,0E00,0E00,0E00,0E00,0E00,0E00,0E00,0E00,0E00,0E00,0E00,0E00,0E00,0E00,0E00,0E00,0E00,0E00,0E00,0E00,0E00,0E00,0E00,0E00,0E00,0E00,0E00,0E00,0E00,0E00,
# ------------------------------------------------------------------------------------------------------------------------------------------------------
# Packet header transmit time   : 239951916 ps
# Packet header                 : E2
# Packet size                   : 34
# Packet content column 0       : 0000,0000,0000,0000,0000,0000,0000,0000,0000,0000,0000,0000,0000,0000,0000,0000,0000,0000,0000,0000,0000,0000,0000,0000,0000,0000,0000,0000,0000,0000,0000,0000,0000,0000,
# Packet content column 1       : 0000,0000,0000,0000,0000,0000,0000,0000,0000,0000,0000,0000,0000,0000,0000,0000,0000,0000,0000,0000,0000,0000,0000,0000,0000,0000,0000,0000,0000,0000,0000,0000,0000,0000,
# Packet content column 2       : 0000,0000,0000,0000,0000,0000,0000,0000,0000,0000,0000,0000,0000,0000,0000,0000,0000,0000,0000,0000,0000,0000,0000,0000,0000,0000,0000,0000,0000,0000,0000,0000,0000,0000,
# Packet content column 3       : 0000,0000,0000,0000,0000,0000,0000,0000,0000,0000,0000,0000,0000,0000,0000,0000,0000,0000,0000,0000,0000,0000,0000,0000,0000,0000,0000,0000,0000,0000,0000,0000,0000,0000,
# ------------------------------------------------------------------------------------------------------------------------------------------------------
# Packet header transmit time   : 245394636 ps
# Packet header                 : E2
# Packet size                   : 34
# Packet content column 0       : 0000,0000,0000,0000,0000,0000,0000,0000,0000,0000,0000,0000,0000,0000,0000,0000,0000,0000,0000,0000,0000,0000,0000,0000,0000,0000,0000,0000,0000,0000,0000,0000,0000,0000,
# Packet content column 1       : 0000,0000,0000,0000,0000,0000,0000,0000,0000,0000,0000,0000,0000,0000,0000,0000,0000,0000,0000,0000,0000,0000,0000,0000,0000,0000,0000,0000,0000,0000,0000,0000,0000,0000,
# Packet content column 2       : 0000,0000,0000,0000,0000,0000,0000,0000,0000,0000,0000,0000,0000,0000,0000,0000,0000,0000,0000,0000,0000,0000,0000,0000,0000,0000,0000,0000,0000,0000,0000,0000,0000,0000,
# Packet content column 3       : 0000,0000,0000,0000,0000,0000,0000,0000,0000,0000,0000,0000,0000,0000,0000,0000,0000,0000,0000,0000,0000,0000,0000,0000,0000,0000,0000,0000,0000,0000,0000,0000,0000,0000,
# ------------------------------------------------------------------------------------------------------------------------------------------------------
# Packet header transmit time   : 250837356 ps
# Packet header                 : E2
# Packet size                   : 34
# Packet content column 0       : 0000,0000,0000,0000,0000,0000,0000,0000,0000,0000,0000,0000,0000,0000,0000,0000,0000,0000,0000,0000,0000,0000,0000,0000,0000,0000,0000,0000,0000,0000,0000,0000,0000,0000,
# Packet content column 1       : 0000,0000,0000,0000,0000,0000,0000,0000,0000,0000,0000,0000,0000,0000,0000,0000,0000,0000,0000,0000,0000,0000,0000,0000,0000,0000,0000,0000,0000,0000,0000,0000,0000,0000,
# Packet content column 2       : 0000,0000,0000,0000,0000,0000,0000,0000,0000,0000,0000,0000,0000,0000,0000,0000,0000,0000,0000,0000,0000,0000,0000,0000,0000,0000,0000,0000,0000,0000,0000,0000,0000,0000,
# Packet content column 3       : 0000,0000,0000,0000,0000,0000,0000,0000,0000,0000,0000,0000,0000,0000,0000,0000,0000,0000,0000,0000,0000,0000,0000,0000,0000,0000,0000,0000,0000,0000,0000,0000,0000,0000,
# ------------------------------------------------------------------------------------------------------------------------------------------------------
# Packet header transmit time   : 256280076 ps
# Packet header                 : E2
# Packet size                   : 34
# Packet content column 0       : 0000,0000,0000,0000,0000,0000,0000,0000,0000,0000,0000,0000,0000,0000,0000,0000,0000,0000,0000,0000,0000,0000,0000,0000,0000,0000,0000,0000,0000,0000,0000,0000,0000,0000,
# Packet content column 1       : 0000,0000,0000,0000,0000,0000,0000,0000,0000,0000,0000,0000,0000,0000,0000,0000,0000,0000,0000,0000,0000,0000,0000,0000,0000,0000,0000,0000,0000,0000,0000,0000,0000,0000,
# Packet content column 2       : 0000,0000,0000,0000,0000,0000,0000,0000,0000,0000,0000,0000,0000,0000,0000,0000,0000,0000,0000,0000,0000,0000,0000,0000,0000,0000,0000,0000,0000,0000,0000,0000,0000,0000,
# Packet content column 3       : 0000,0000,0000,0000,0000,0000,0000,0000,0000,0000,0000,0000,0000,0000,0000,0000,0000,0000,0000,0000,0000,0000,0000,0000,0000,0000,0000,0000,0000,0000,0000,0000,0000,0000,
# ------------------------------------------------------------------------------------------------------------------------------------------------------
# Packet header transmit time   : 261722796 ps
# Packet header                 : E2
# Packet size                   : 34
# Packet content column 0       : 0000,0000,0000,0000,0000,0000,0000,0000,0000,0000,0000,0000,0000,0000,0000,0000,0000,0000,0000,0000,0000,0000,0000,0000,0000,0000,0000,0000,0000,0000,0000,0000,0000,0000,
# Packet content column 1       : 0000,0000,0000,0000,0000,0000,0000,0000,0000,0000,0000,0000,0000,0000,0000,0000,0000,0000,0000,0000,0000,0000,0000,0000,0000,0000,0000,0000,0000,0000,0000,0000,0000,0000,
# Packet content column 2       : 0000,0000,0000,0000,0000,0000,0000,0000,0000,0000,0000,0000,0000,0000,0000,0000,0000,0000,0000,0000,0000,0000,0000,0000,0000,0000,0000,0000,0000,0000,0000,0000,0000,0000,
# Packet content column 3       : 0000,0000,0000,0000,0000,0000,0000,0000,0000,0000,0000,0000,0000,0000,0000,0000,0000,0000,0000,0000,0000,0000,0000,0000,0000,0000,0000,0000,0000,0000,0000,0000,0000,0000,
# ------------------------------------------------------------------------------------------------------------------------------------------------------
# Packet header transmit time   : 267165516 ps
# Packet header                 : E2
# Packet size                   : 34
# Packet content column 0       : 0000,0000,0000,0000,0000,0000,0000,0000,0000,0000,0000,0000,0000,0000,0000,0000,0000,0000,0000,0000,0000,0000,0000,0000,0000,0000,0000,0000,0000,0000,0000,0000,0000,0000,
# Packet content column 1       : 0000,0000,0000,0000,0000,0000,0000,0000,0000,0000,0000,0000,0000,0000,0000,0000,0000,0000,0000,0000,0000,0000,0000,0000,0000,0000,0000,0000,0000,0000,0000,0000,0000,0000,
# Packet content column 2       : 0000,0000,0000,0000,0000,0000,0000,0000,0000,0000,0000,0000,0000,0000,0000,0000,0000,0000,0000,0000,0000,0000,0000,0000,0000,0000,0000,0000,0000,0000,0000,0000,0000,0000,
# Packet content column 3       : 0000,0000,0000,0000,0000,0000,0000,0000,0000,0000,0000,0000,0000,0000,0000,0000,0000,0000,0000,0000,0000,0000,0000,0000,0000,0000,0000,0000,0000,0000,0000,0000,0000,0000,
# ------------------------------------------------------------------------------------------------------------------------------------------------------
# Packet header transmit time   : 272608236 ps
# Packet header                 : E2
# Packet size                   : 34
# Packet content column 0       : 1000,1000,1000,1000,1000,1000,1000,1000,1000,1000,1000,1000,1000,1000,1000,1000,1000,1000,1000,1000,1000,1000,1000,1000,1000,1000,1000,1000,1000,1000,1000,1000,1000,1000,
# Packet content column 1       : 1000,1000,1000,1000,1000,1000,1000,1000,1000,1000,1000,1000,1000,1000,1000,1000,1000,1000,1000,1000,1000,1000,1000,1000,1000,1000,1000,1000,1000,1000,1000,1000,1000,1000,
# Packet content column 2       : 1000,1000,1000,1000,1000,1000,1000,1000,1000,1000,1000,1000,1000,1000,1000,1000,1000,1000,1000,1000,1000,1000,1000,1000,1000,1000,1000,1000,1000,1000,1000,1000,1000,1000,
# Packet content column 3       : 1000,1000,1000,1000,1000,1000,1000,1000,1000,1000,1000,1000,1000,1000,1000,1000,1000,1000,1000,1000,1000,1000,1000,1000,1000,1000,1000,1000,1000,1000,1000,1000,1000,1000,
# ------------------------------------------------------------------------------------------------------------------------------------------------------
# Packet header transmit time   : 278050956 ps
# Packet header                 : E2
# Packet size                   : 34
# Packet content column 0       : 2000,2000,2000,2000,2000,2000,2000,2000,2000,2000,2000,2000,2000,2000,2000,2000,2000,2000,2000,2000,2000,2000,2000,2000,2000,2000,2000,2000,2000,2000,2000,2000,2000,2000,
# Packet content column 1       : 2000,2000,2000,2000,2000,2000,2000,2000,2000,2000,2000,2000,2000,2000,2000,2000,2000,2000,2000,2000,2000,2000,2000,2000,2000,2000,2000,2000,2000,2000,2000,2000,2000,2000,
# Packet content column 2       : 2000,2000,2000,2000,2000,2000,2000,2000,2000,2000,2000,2000,2000,2000,2000,2000,2000,2000,2000,2000,2000,2000,2000,2000,2000,2000,2000,2000,2000,2000,2000,2000,2000,2000,
# Packet content column 3       : 2000,2000,2000,2000,2000,2000,2000,2000,2000,2000,2000,2000,2000,2000,2000,2000,2000,2000,2000,2000,2000,2000,2000,2000,2000,2000,2000,2000,2000,2000,2000,2000,2000,2000,
# ------------------------------------------------------------------------------------------------------------------------------------------------------
# Packet header transmit time   : 283493676 ps
# Packet header                 : E2
# Packet size                   : 34
# Packet content column 0       : 3000,3000,3000,3000,3000,3000,3000,3000,3000,3000,3000,3000,3000,3000,3000,3000,3000,3000,3000,3000,3000,3000,3000,3000,3000,3000,3000,3000,3000,3000,3000,3000,3000,3000,
# Packet content column 1       : 3000,3000,3000,3000,3000,3000,3000,3000,3000,3000,3000,3000,3000,3000,3000,3000,3000,3000,3000,3000,3000,3000,3000,3000,3000,3000,3000,3000,3000,3000,3000,3000,3000,3000,
# Packet content column 2       : 3000,3000,3000,3000,3000,3000,3000,3000,3000,3000,3000,3000,3000,3000,3000,3000,3000,3000,3000,3000,3000,3000,3000,3000,3000,3000,3000,3000,3000,3000,3000,3000,3000,3000,
# Packet content column 3       : 3000,3000,3000,3000,3000,3000,3000,3000,3000,3000,3000,3000,3000,3000,3000,3000,3000,3000,3000,3000,3000,3000,3000,3000,3000,3000,3000,3000,3000,3000,3000,3000,3000,3000,
# ------------------------------------------------------------------------------------------------------------------------------------------------------
# Packet header transmit time   : 288936396 ps
# Packet header                 : E2
# Packet size                   : 34
# Packet content column 0       : 4000,4000,4000,4000,4000,4000,4000,4000,4000,4000,4000,4000,4000,4000,4000,4000,4000,4000,4000,4000,4000,4000,4000,4000,4000,4000,4000,4000,4000,4000,4000,4000,4000,4000,
# Packet content column 1       : 4000,4000,4000,4000,4000,4000,4000,4000,4000,4000,4000,4000,4000,4000,4000,4000,4000,4000,4000,4000,4000,4000,4000,4000,4000,4000,4000,4000,4000,4000,4000,4000,4000,4000,
# Packet content column 2       : 4000,4000,4000,4000,4000,4000,4000,4000,4000,4000,4000,4000,4000,4000,4000,4000,4000,4000,4000,4000,4000,4000,4000,4000,4000,4000,4000,4000,4000,4000,4000,4000,4000,4000,
# Packet content column 3       : 4000,4000,4000,4000,4000,4000,4000,4000,4000,4000,4000,4000,4000,4000,4000,4000,4000,4000,4000,4000,4000,4000,4000,4000,4000,4000,4000,4000,4000,4000,4000,4000,4000,4000,
# ------------------------------------------------------------------------------------------------------------------------------------------------------
# Packet header transmit time   : 294379116 ps
# Packet header                 : E2
# Packet size                   : 34
# Packet content column 0       : 5000,5000,5000,5000,5000,5000,5000,5000,5000,5000,5000,5000,5000,5000,5000,5000,5000,5000,5000,5000,5000,5000,5000,5000,5000,5000,5000,5000,5000,5000,5000,5000,5000,5000,
# Packet content column 1       : 5000,5000,5000,5000,5000,5000,5000,5000,5000,5000,5000,5000,5000,5000,5000,5000,5000,5000,5000,5000,5000,5000,5000,5000,5000,5000,5000,5000,5000,5000,5000,5000,5000,5000,
# Packet content column 2       : 5000,5000,5000,5000,5000,5000,5000,5000,5000,5000,5000,5000,5000,5000,5000,5000,5000,5000,5000,5000,5000,5000,5000,5000,5000,5000,5000,5000,5000,5000,5000,5000,5000,5000,
# Packet content column 3       : 5000,5000,5000,5000,5000,5000,5000,5000,5000,5000,5000,5000,5000,5000,5000,5000,5000,5000,5000,5000,5000,5000,5000,5000,5000,5000,5000,5000,5000,5000,5000,5000,5000,5000,
# ------------------------------------------------------------------------------------------------------------------------------------------------------
# Packet header transmit time   : 299821836 ps
# Packet header                 : E2
# Packet size                   : 34
# Packet content column 0       : 6000,6000,6000,6000,6000,6000,6000,6000,6000,6000,6000,6000,6000,6000,6000,6000,6000,6000,6000,6000,6000,6000,6000,6000,6000,6000,6000,6000,6000,6000,6000,6000,6000,6000,
# Packet content column 1       : 6000,6000,6000,6000,6000,6000,6000,6000,6000,6000,6000,6000,6000,6000,6000,6000,6000,6000,6000,6000,6000,6000,6000,6000,6000,6000,6000,6000,6000,6000,6000,6000,6000,6000,
# Packet content column 2       : 6000,6000,6000,6000,6000,6000,6000,6000,6000,6000,6000,6000,6000,6000,6000,6000,6000,6000,6000,6000,6000,6000,6000,6000,6000,6000,6000,6000,6000,6000,6000,6000,6000,6000,
# Packet content column 3       : 6000,6000,6000,6000,6000,6000,6000,6000,6000,6000,6000,6000,6000,6000,6000,6000,6000,6000,6000,6000,6000,6000,6000,6000,6000,6000,6000,6000,6000,6000,6000,6000,6000,6000,
# ------------------------------------------------------------------------------------------------------------------------------------------------------
# Packet header transmit time   : 305264556 ps
# Packet header                 : E2
# Packet size                   : 34
# Packet content column 0       : 7000,7000,7000,7000,7000,7000,7000,7000,7000,7000,7000,7000,7000,7000,7000,7000,7000,7000,7000,7000,7000,7000,7000,7000,7000,7000,7000,7000,7000,7000,7000,7000,7000,7000,
# Packet content column 1       : 7000,7000,7000,7000,7000,7000,7000,7000,7000,7000,7000,7000,7000,7000,7000,7000,7000,7000,7000,7000,7000,7000,7000,7000,7000,7000,7000,7000,7000,7000,7000,7000,7000,7000,
# Packet content column 2       : 7000,7000,7000,7000,7000,7000,7000,7000,7000,7000,7000,7000,7000,7000,7000,7000,7000,7000,7000,7000,7000,7000,7000,7000,7000,7000,7000,7000,7000,7000,7000,7000,7000,7000,
# Packet content column 3       : 7000,7000,7000,7000,7000,7000,7000,7000,7000,7000,7000,7000,7000,7000,7000,7000,7000,7000,7000,7000,7000,7000,7000,7000,7000,7000,7000,7000,7000,7000,7000,7000,7000,7000,
# ------------------------------------------------------------------------------------------------------------------------------------------------------
# Packet header transmit time   : 310707276 ps
# Packet header                 : E2
# Packet size                   : 34
# Packet content column 0       : 7000,7000,7000,7000,7000,7000,7000,7000,7000,7000,7000,7000,7000,7000,7000,7000,7000,7000,7000,7000,7000,7000,7000,7000,7000,7000,7000,7000,7000,7000,7000,7000,7000,7000,
# Packet content column 1       : 7000,7000,7000,7000,7000,7000,7000,7000,7000,7000,7000,7000,7000,7000,7000,7000,7000,7000,7000,7000,7000,7000,7000,7000,7000,7000,7000,7000,7000,7000,7000,7000,7000,7000,
# Packet content column 2       : 7000,7000,7000,7000,7000,7000,7000,7000,7000,7000,7000,7000,7000,7000,7000,7000,7000,7000,7000,7000,7000,7000,7000,7000,7000,7000,7000,7000,7000,7000,7000,7000,7000,7000,
# Packet content column 3       : 7000,7000,7000,7000,7000,7000,7000,7000,7000,7000,7000,7000,7000,7000,7000,7000,7000,7000,7000,7000,7000,7000,7000,7000,7000,7000,7000,7000,7000,7000,7000,7000,7000,7000,
# ------------------------------------------------------------------------------------------------------------------------------------------------------
# Packet header transmit time   : 316149996 ps
# Packet header                 : E2
# Packet size                   : 34
# Packet content column 0       : 7000,7000,7000,7000,7000,7000,7000,7000,7000,7000,7000,7000,7000,7000,7000,7000,7000,7000,7000,7000,7000,7000,7000,7000,7000,7000,7000,7000,7000,7000,7000,7000,7000,7000,
# Packet content column 1       : 7000,7000,7000,7000,7000,7000,7000,7000,7000,7000,7000,7000,7000,7000,7000,7000,7000,7000,7000,7000,7000,7000,7000,7000,7000,7000,7000,7000,7000,7000,7000,7000,7000,7000,
# Packet content column 2       : 7000,7000,7000,7000,7000,7000,7000,7000,7000,7000,7000,7000,7000,7000,7000,7000,7000,7000,7000,7000,7000,7000,7000,7000,7000,7000,7000,7000,7000,7000,7000,7000,7000,7000,
# Packet content column 3       : 7000,7000,7000,7000,7000,7000,7000,7000,7000,7000,7000,7000,7000,7000,7000,7000,7000,7000,7000,7000,7000,7000,7000,7000,7000,7000,7000,7000,7000,7000,7000,7000,7000,7000,
# ------------------------------------------------------------------------------------------------------------------------------------------------------
# Packet header transmit time   : 321592716 ps
# Packet header                 : E2
# Packet size                   : 34
# Packet content column 0       : 7000,7000,7000,7000,7000,7000,7000,7000,7000,7000,7000,7000,7000,7000,7000,7000,7000,7000,7000,7000,7000,7000,7000,7000,7000,7000,7000,7000,7000,7000,7000,7000,7000,7000,
# Packet content column 1       : 7000,7000,7000,7000,7000,7000,7000,7000,7000,7000,7000,7000,7000,7000,7000,7000,7000,7000,7000,7000,7000,7000,7000,7000,7000,7000,7000,7000,7000,7000,7000,7000,7000,7000,
# Packet content column 2       : 7000,7000,7000,7000,7000,7000,7000,7000,7000,7000,7000,7000,7000,7000,7000,7000,7000,7000,7000,7000,7000,7000,7000,7000,7000,7000,7000,7000,7000,7000,7000,7000,7000,7000,
# Packet content column 3       : 7000,7000,7000,7000,7000,7000,7000,7000,7000,7000,7000,7000,7000,7000,7000,7000,7000,7000,7000,7000,7000,7000,7000,7000,7000,7000,7000,7000,7000,7000,7000,7000,7000,7000,
# ------------------------------------------------------------------------------------------------------------------------------------------------------
# Packet header transmit time   : 327035436 ps
# Packet header                 : E2
# Packet size                   : 34
# Packet content column 0       : 7000,7000,7000,7000,7000,7000,7000,7000,7000,7000,7000,7000,7000,7000,7000,7000,7000,7000,7000,7000,7000,7000,7000,7000,7000,7000,7000,7000,7000,7000,7000,7000,7000,7000,
# Packet content column 1       : 7000,7000,7000,7000,7000,7000,7000,7000,7000,7000,7000,7000,7000,7000,7000,7000,7000,7000,7000,7000,7000,7000,7000,7000,7000,7000,7000,7000,7000,7000,7000,7000,7000,7000,
# Packet content column 2       : 7000,7000,7000,7000,7000,7000,7000,7000,7000,7000,7000,7000,7000,7000,7000,7000,7000,7000,7000,7000,7000,7000,7000,7000,7000,7000,7000,7000,7000,7000,7000,7000,7000,7000,
# Packet content column 3       : 7000,7000,7000,7000,7000,7000,7000,7000,7000,7000,7000,7000,7000,7000,7000,7000,7000,7000,7000,7000,7000,7000,7000,7000,7000,7000,7000,7000,7000,7000,7000,7000,7000,7000,
# ------------------------------------------------------------------------------------------------------------------------------------------------------
# Packet header transmit time   : 332478156 ps
# Packet header                 : E2
# Packet size                   : 34
# Packet content column 0       : 6200,6200,6200,6200,6200,6200,6200,6200,6200,6200,6200,6200,6200,6200,6200,6200,6200,6200,6200,6200,6200,6200,6200,6200,6200,6200,6200,6200,6200,6200,6200,6200,6200,6200,
# Packet content column 1       : 6200,6200,6200,6200,6200,6200,6200,6200,6200,6200,6200,6200,6200,6200,6200,6200,6200,6200,6200,6200,6200,6200,6200,6200,6200,6200,6200,6200,6200,6200,6200,6200,6200,6200,
# Packet content column 2       : 6200,6200,6200,6200,6200,6200,6200,6200,6200,6200,6200,6200,6200,6200,6200,6200,6200,6200,6200,6200,6200,6200,6200,6200,6200,6200,6200,6200,6200,6200,6200,6200,6200,6200,
# Packet content column 3       : 6200,6200,6200,6200,6200,6200,6200,6200,6200,6200,6200,6200,6200,6200,6200,6200,6200,6200,6200,6200,6200,6200,6200,6200,6200,6200,6200,6200,6200,6200,6200,6200,6200,6200,
# ------------------------------------------------------------------------------------------------------------------------------------------------------
# Packet header transmit time   : 337920876 ps
# Packet header                 : E2
# Packet size                   : 34
# Packet content column 0       : 5400,5400,5400,5400,5400,5400,5400,5400,5400,5400,5400,5400,5400,5400,5400,5400,5400,5400,5400,5400,5400,5400,5400,5400,5400,5400,5400,5400,5400,5400,5400,5400,5400,5400,
# Packet content column 1       : 5400,5400,5400,5400,5400,5400,5400,5400,5400,5400,5400,5400,5400,5400,5400,5400,5400,5400,5400,5400,5400,5400,5400,5400,5400,5400,5400,5400,5400,5400,5400,5400,5400,5400,
# Packet content column 2       : 5400,5400,5400,5400,5400,5400,5400,5400,5400,5400,5400,5400,5400,5400,5400,5400,5400,5400,5400,5400,5400,5400,5400,5400,5400,5400,5400,5400,5400,5400,5400,5400,5400,5400,
# Packet content column 3       : 5400,5400,5400,5400,5400,5400,5400,5400,5400,5400,5400,5400,5400,5400,5400,5400,5400,5400,5400,5400,5400,5400,5400,5400,5400,5400,5400,5400,5400,5400,5400,5400,5400,5400,
# ------------------------------------------------------------------------------------------------------------------------------------------------------
# Packet header transmit time   : 343363596 ps
# Packet header                 : E2
# Packet size                   : 34
# Packet content column 0       : 4600,4600,4600,4600,4600,4600,4600,4600,4600,4600,4600,4600,4600,4600,4600,4600,4600,4600,4600,4600,4600,4600,4600,4600,4600,4600,4600,4600,4600,4600,4600,4600,4600,4600,
# Packet content column 1       : 4600,4600,4600,4600,4600,4600,4600,4600,4600,4600,4600,4600,4600,4600,4600,4600,4600,4600,4600,4600,4600,4600,4600,4600,4600,4600,4600,4600,4600,4600,4600,4600,4600,4600,
# Packet content column 2       : 4600,4600,4600,4600,4600,4600,4600,4600,4600,4600,4600,4600,4600,4600,4600,4600,4600,4600,4600,4600,4600,4600,4600,4600,4600,4600,4600,4600,4600,4600,4600,4600,4600,4600,
# Packet content column 3       : 4600,4600,4600,4600,4600,4600,4600,4600,4600,4600,4600,4600,4600,4600,4600,4600,4600,4600,4600,4600,4600,4600,4600,4600,4600,4600,4600,4600,4600,4600,4600,4600,4600,4600,
# ------------------------------------------------------------------------------------------------------------------------------------------------------
# Packet header transmit time   : 348806316 ps
# Packet header                 : E2
# Packet size                   : 34
# Packet content column 0       : 3800,3800,3800,3800,3800,3800,3800,3800,3800,3800,3800,3800,3800,3800,3800,3800,3800,3800,3800,3800,3800,3800,3800,3800,3800,3800,3800,3800,3800,3800,3800,3800,3800,3800,
# Packet content column 1       : 3800,3800,3800,3800,3800,3800,3800,3800,3800,3800,3800,3800,3800,3800,3800,3800,3800,3800,3800,3800,3800,3800,3800,3800,3800,3800,3800,3800,3800,3800,3800,3800,3800,3800,
# Packet content column 2       : 3800,3800,3800,3800,3800,3800,3800,3800,3800,3800,3800,3800,3800,3800,3800,3800,3800,3800,3800,3800,3800,3800,3800,3800,3800,3800,3800,3800,3800,3800,3800,3800,3800,3800,
# Packet content column 3       : 3800,3800,3800,3800,3800,3800,3800,3800,3800,3800,3800,3800,3800,3800,3800,3800,3800,3800,3800,3800,3800,3800,3800,3800,3800,3800,3800,3800,3800,3800,3800,3800,3800,3800,
# ------------------------------------------------------------------------------------------------------------------------------------------------------
# Packet header transmit time   : 354249036 ps
# Packet header                 : E2
# Packet size                   : 34
# Packet content column 0       : 2A00,2A00,2A00,2A00,2A00,2A00,2A00,2A00,2A00,2A00,2A00,2A00,2A00,2A00,2A00,2A00,2A00,2A00,2A00,2A00,2A00,2A00,2A00,2A00,2A00,2A00,2A00,2A00,2A00,2A00,2A00,2A00,2A00,2A00,
# Packet content column 1       : 2A00,2A00,2A00,2A00,2A00,2A00,2A00,2A00,2A00,2A00,2A00,2A00,2A00,2A00,2A00,2A00,2A00,2A00,2A00,2A00,2A00,2A00,2A00,2A00,2A00,2A00,2A00,2A00,2A00,2A00,2A00,2A00,2A00,2A00,
# Packet content column 2       : 2A00,2A00,2A00,2A00,2A00,2A00,2A00,2A00,2A00,2A00,2A00,2A00,2A00,2A00,2A00,2A00,2A00,2A00,2A00,2A00,2A00,2A00,2A00,2A00,2A00,2A00,2A00,2A00,2A00,2A00,2A00,2A00,2A00,2A00,
# Packet content column 3       : 2A00,2A00,2A00,2A00,2A00,2A00,2A00,2A00,2A00,2A00,2A00,2A00,2A00,2A00,2A00,2A00,2A00,2A00,2A00,2A00,2A00,2A00,2A00,2A00,2A00,2A00,2A00,2A00,2A00,2A00,2A00,2A00,2A00,2A00,
# ------------------------------------------------------------------------------------------------------------------------------------------------------
# Packet header transmit time   : 359691756 ps
# Packet header                 : E2
# Packet size                   : 34
# Packet content column 0       : 1C00,1C00,1C00,1C00,1C00,1C00,1C00,1C00,1C00,1C00,1C00,1C00,1C00,1C00,1C00,1C00,1C00,1C00,1C00,1C00,1C00,1C00,1C00,1C00,1C00,1C00,1C00,1C00,1C00,1C00,1C00,1C00,1C00,1C00,
# Packet content column 1       : 1C00,1C00,1C00,1C00,1C00,1C00,1C00,1C00,1C00,1C00,1C00,1C00,1C00,1C00,1C00,1C00,1C00,1C00,1C00,1C00,1C00,1C00,1C00,1C00,1C00,1C00,1C00,1C00,1C00,1C00,1C00,1C00,1C00,1C00,
# Packet content column 2       : 1C00,1C00,1C00,1C00,1C00,1C00,1C00,1C00,1C00,1C00,1C00,1C00,1C00,1C00,1C00,1C00,1C00,1C00,1C00,1C00,1C00,1C00,1C00,1C00,1C00,1C00,1C00,1C00,1C00,1C00,1C00,1C00,1C00,1C00,
# Packet content column 3       : 1C00,1C00,1C00,1C00,1C00,1C00,1C00,1C00,1C00,1C00,1C00,1C00,1C00,1C00,1C00,1C00,1C00,1C00,1C00,1C00,1C00,1C00,1C00,1C00,1C00,1C00,1C00,1C00,1C00,1C00,1C00,1C00,1C00,1C00,
# ------------------------------------------------------------------------------------------------------------------------------------------------------
# Packet header transmit time   : 365134476 ps
# Packet header                 : E2
# Packet size                   : 34
# Packet content column 0       : 0E00,0E00,0E00,0E00,0E00,0E00,0E00,0E00,0E00,0E00,0E00,0E00,0E00,0E00,0E00,0E00,0E00,0E00,0E00,0E00,0E00,0E00,0E00,0E00,0E00,0E00,0E00,0E00,0E00,0E00,0E00,0E00,0E00,0E00,
# Packet content column 1       : 0E00,0E00,0E00,0E00,0E00,0E00,0E00,0E00,0E00,0E00,0E00,0E00,0E00,0E00,0E00,0E00,0E00,0E00,0E00,0E00,0E00,0E00,0E00,0E00,0E00,0E00,0E00,0E00,0E00,0E00,0E00,0E00,0E00,0E00,
# Packet content column 2       : 0E00,0E00,0E00,0E00,0E00,0E00,0E00,0E00,0E00,0E00,0E00,0E00,0E00,0E00,0E00,0E00,0E00,0E00,0E00,0E00,0E00,0E00,0E00,0E00,0E00,0E00,0E00,0E00,0E00,0E00,0E00,0E00,0E00,0E00,
# Packet content column 3       : 0E00,0E00,0E00,0E00,0E00,0E00,0E00,0E00,0E00,0E00,0E00,0E00,0E00,0E00,0E00,0E00,0E00,0E00,0E00,0E00,0E00,0E00,0E00,0E00,0E00,0E00,0E00,0E00,0E00,0E00,0E00,0E00,0E00,0E00,
# ------------------------------------------------------------------------------------------------------------------------------------------------------
# Packet header transmit time   : 370577196 ps
# Packet header                 : E2
# Packet size                   : 34
# Packet content column 0       : 0000,0000,0000,0000,0000,0000,0000,0000,0000,0000,0000,0000,0000,0000,0000,0000,0000,0000,0000,0000,0000,0000,0000,0000,0000,0000,0000,0000,0000,0000,0000,0000,0000,0000,
# Packet content column 1       : 0000,0000,0000,0000,0000,0000,0000,0000,0000,0000,0000,0000,0000,0000,0000,0000,0000,0000,0000,0000,0000,0000,0000,0000,0000,0000,0000,0000,0000,0000,0000,0000,0000,0000,
# Packet content column 2       : 0000,0000,0000,0000,0000,0000,0000,0000,0000,0000,0000,0000,0000,0000,0000,0000,0000,0000,0000,0000,0000,0000,0000,0000,0000,0000,0000,0000,0000,0000,0000,0000,0000,0000,
# Packet content column 3       : 0000,0000,0000,0000,0000,0000,0000,0000,0000,0000,0000,0000,0000,0000,0000,0000,0000,0000,0000,0000,0000,0000,0000,0000,0000,0000,0000,0000,0000,0000,0000,0000,0000,0000,
# ------------------------------------------------------------------------------------------------------------------------------------------------------
# Packet header transmit time   : 376019916 ps
# Packet header                 : E2
# Packet size                   : 34
# Packet content column 0       : 0000,0000,0000,0000,0000,0000,0000,0000,0000,0000,0000,0000,0000,0000,0000,0000,0000,0000,0000,0000,0000,0000,0000,0000,0000,0000,0000,0000,0000,0000,0000,0000,0000,0000,
# Packet content column 1       : 0000,0000,0000,0000,0000,0000,0000,0000,0000,0000,0000,0000,0000,0000,0000,0000,0000,0000,0000,0000,0000,0000,0000,0000,0000,0000,0000,0000,0000,0000,0000,0000,0000,0000,
# Packet content column 2       : 0000,0000,0000,0000,0000,0000,0000,0000,0000,0000,0000,0000,0000,0000,0000,0000,0000,0000,0000,0000,0000,0000,0000,0000,0000,0000,0000,0000,0000,0000,0000,0000,0000,0000,
# Packet content column 3       : 0000,0000,0000,0000,0000,0000,0000,0000,0000,0000,0000,0000,0000,0000,0000,0000,0000,0000,0000,0000,0000,0000,0000,0000,0000,0000,0000,0000,0000,0000,0000,0000,0000,0000,
# ------------------------------------------------------------------------------------------------------------------------------------------------------
# Packet header transmit time   : 381462636 ps
# Packet header                 : E2
# Packet size                   : 34
# Packet content column 0       : 47F8,47F8,47F8,47F8,47F8,47F8,47F8,47F8,47F8,47F8,47F8,47F8,47F8,47F8,47F8,47F8,47F8,47F8,47F8,47F8,47F8,47F8,47F8,47F8,47F8,47F8,47F8,47F8,47F8,47F8,47F8,47F8,47F8,47F8,
# Packet content column 1       : 2AA8,2AA8,2AA8,2AA8,2AA8,2AA8,2AA8,2AA8,2AA8,2AA8,2AA8,2AA8,2AA8,2AA8,2AA8,2AA8,2AA8,2AA8,2AA8,2AA8,2AA8,2AA8,2AA8,2AA8,2AA8,2AA8,2AA8,2AA8,2AA8,2AA8,2AA8,2AA8,2AA8,2AA8,
# Packet content column 2       : 5550,5550,5550,5550,5550,5550,5550,5550,5550,5550,5550,5550,5550,5550,5550,5550,5550,5550,5550,5550,5550,5550,5550,5550,5550,5550,5550,5550,5550,5550,5550,5550,5550,5550,
# Packet content column 3       : 3AB0,3AB0,3AB0,3AB0,3AB0,3AB0,3AB0,3AB0,3AB0,3AB0,3AB0,3AB0,3AB0,3AB0,3AB0,3AB0,3AB0,3AB0,3AB0,3AB0,3AB0,3AB0,3AB0,3AB0,3AB0,3AB0,3AB0,3AB0,3AB0,3AB0,3AB0,3AB0,3AB0,3AB0,
# ------------------------------------------------------------------------------------------------------------------------------------------------------
# Simulation status             : PASS
# ------------------------------------------------------------------------------------------------------------------------------------------------------
