# ------------------------------------------------------------------------------------------------------------------------------------------------------
# Packet header transmit time   : 484994376 ps
# Packet header                 : CA
# Packet size                   : 34
# Packet content column 0       : 0000,0000,0000,0000,0000,0000,0000,0000,0000,0000,0000,0000,0000,0000,0000,0000,0000,0000,0000,0000,0000,0000,0000,0000,0000,0000,0000,0000,0000,0000,0000,0000,0000,0000,
# Packet content column 1       : 0000,0000,0000,0000,0000,0000,0000,0000,0000,0000,0000,0000,0000,0000,0000,0000,0000,0000,0000,0000,0000,0000,0000,0000,0000,0000,0000,0000,0000,0000,0000,0000,0000,0000,
# Packet content column 2       : 0000,0000,0000,0000,0000,0000,0000,0000,0000,0000,0000,0000,0000,0000,0000,0000,0000,0000,0000,0000,0000,0000,0000,0000,0000,0000,0000,0000,0000,0000,0000,0000,0000,0000,
# Packet content column 3       : 0000,0000,0000,0000,0000,0000,0000,0000,0000,0000,0000,0000,0000,0000,0000,0000,0000,0000,0000,0000,0000,0000,0000,0000,0000,0000,0000,0000,0000,0000,0000,0000,0000,0000,
# ------------------------------------------------------------------------------------------------------------------------------------------------------
# Packet header transmit time   : 490437096 ps
# Packet header                 : E2
# Packet size                   : 34
# Packet content column 0       : 0070,0060,0050,0040,0030,0020,0010,0000,0070,0060,0050,0040,0030,0020,0010,0000,0070,0060,0050,0040,0030,0020,0010,0000,0070,0060,0050,0040,0030,0020,0010,0000,0070,0070,
# Packet content column 1       : 0070,0060,0050,0040,0030,0020,0010,0000,0070,0060,0050,0040,0030,0020,0010,0000,0070,0060,0050,0040,0030,0020,0010,0000,0070,0060,0050,0040,0030,0020,0010,0000,0070,0070,
# Packet content column 2       : 0070,0060,0050,0040,0030,0020,0010,0000,0070,0060,0050,0040,0030,0020,0010,0000,0070,0060,0050,0040,0030,0020,0010,0000,0070,0060,0050,0040,0030,0020,0010,0000,0070,0070,
# Packet content column 3       : 0070,0060,0050,0040,0030,0020,0010,0000,0070,0060,0050,0040,0030,0020,0010,0000,0070,0060,0050,0040,0030,0020,0010,0000,0070,0060,0050,0040,0030,0020,0010,0000,0070,0070,
# ------------------------------------------------------------------------------------------------------------------------------------------------------
# Packet header transmit time   : 495879816 ps
# Packet header                 : E2
# Packet size                   : 34
# Packet content column 0       : 0070,0060,0050,0040,0030,0020,0010,0000,0070,0060,0050,0040,0030,0020,0010,0000,0070,0060,0050,0040,0030,0020,0010,0000,0070,0060,0050,0040,0030,0020,0010,0000,0070,0070,
# Packet content column 1       : 0070,0060,0050,0040,0030,0020,0010,0000,0070,0060,0050,0040,0030,0020,0010,0000,0070,0060,0050,0040,0030,0020,0010,0000,0070,0060,0050,0040,0030,0020,0010,0000,0070,0070,
# Packet content column 2       : 0070,0060,0050,0040,0030,0020,0010,0000,0070,0060,0050,0040,0030,0020,0010,0000,0070,0060,0050,0040,0030,0020,0010,0000,0070,0060,0050,0040,0030,0020,0010,0000,0070,0070,
# Packet content column 3       : 0070,0060,0050,0040,0030,0020,0010,0000,0070,0060,0050,0040,0030,0020,0010,0000,0070,0060,0050,0040,0030,0020,0010,0000,0070,0060,0050,0040,0030,0020,0010,0000,0070,0070,
# ------------------------------------------------------------------------------------------------------------------------------------------------------
# Packet header transmit time   : 501322536 ps
# Packet header                 : E2
# Packet size                   : 34
# Packet content column 0       : 0070,0060,0050,0040,0030,0020,0010,0000,0070,0060,0050,0040,0030,0020,0010,0000,0070,0060,0050,0040,0030,0020,0010,0000,0070,0060,0050,0040,0030,0020,0010,0000,0070,0070,
# Packet content column 1       : 0070,0060,0050,0040,0030,0020,0010,0000,0070,0060,0050,0040,0030,0020,0010,0000,0070,0060,0050,0040,0030,0020,0010,0000,0070,0060,0050,0040,0030,0020,0010,0000,0070,0070,
# Packet content column 2       : 0070,0060,0050,0040,0030,0020,0010,0000,0070,0060,0050,0040,0030,0020,0010,0000,0070,0060,0050,0040,0030,0020,0010,0000,0070,0060,0050,0040,0030,0020,0010,0000,0070,0070,
# Packet content column 3       : 0070,0060,0050,0040,0030,0020,0010,0000,0070,0060,0050,0040,0030,0020,0010,0000,0070,0060,0050,0040,0030,0020,0010,0000,0070,0060,0050,0040,0030,0020,0010,0000,0070,0070,
# ------------------------------------------------------------------------------------------------------------------------------------------------------
# Packet header transmit time   : 506765256 ps
# Packet header                 : CA
# Packet size                   : 34
# Packet content column 0       : 1070,1060,1050,1040,1030,1020,1010,1000,1070,1060,1050,1040,1030,1020,1010,1000,1070,1060,1050,1040,1030,1020,1010,1000,1070,1060,1050,1040,1030,1020,1010,1000,1070,1070,
# Packet content column 1       : 1070,1060,1050,1040,1030,1020,1010,1000,1070,1060,1050,1040,1030,1020,1010,1000,1070,1060,1050,1040,1030,1020,1010,1000,1070,1060,1050,1040,1030,1020,1010,1000,1070,1070,
# Packet content column 2       : 1070,1060,1050,1040,1030,1020,1010,1000,1070,1060,1050,1040,1030,1020,1010,1000,1070,1060,1050,1040,1030,1020,1010,1000,1070,1060,1050,1040,1030,1020,1010,1000,1070,1070,
# Packet content column 3       : 1070,1060,1050,1040,1030,1020,1010,1000,1070,1060,1050,1040,1030,1020,1010,1000,1070,1060,1050,1040,1030,1020,1010,1000,1070,1060,1050,1040,1030,1020,1010,1000,1070,1070,
# ------------------------------------------------------------------------------------------------------------------------------------------------------
# Packet header transmit time   : 512207976 ps
# Packet header                 : CA
# Packet size                   : 34
# Packet content column 0       : 2070,2060,2050,2040,2030,2020,2010,2000,2070,2060,2050,2040,2030,2020,2010,2000,2070,2060,2050,2040,2030,2020,2010,2000,2070,2060,2050,2040,2030,2020,2010,2000,2070,2070,
# Packet content column 1       : 2070,2060,2050,2040,2030,2020,2010,2000,2070,2060,2050,2040,2030,2020,2010,2000,2070,2060,2050,2040,2030,2020,2010,2000,2070,2060,2050,2040,2030,2020,2010,2000,2070,2070,
# Packet content column 2       : 2070,2060,2050,2040,2030,2020,2010,2000,2070,2060,2050,2040,2030,2020,2010,2000,2070,2060,2050,2040,2030,2020,2010,2000,2070,2060,2050,2040,2030,2020,2010,2000,2070,2070,
# Packet content column 3       : 2070,2060,2050,2040,2030,2020,2010,2000,2070,2060,2050,2040,2030,2020,2010,2000,2070,2060,2050,2040,2030,2020,2010,2000,2070,2060,2050,2040,2030,2020,2010,2000,2070,2070,
# ------------------------------------------------------------------------------------------------------------------------------------------------------
# Packet header transmit time   : 517650696 ps
# Packet header                 : CA
# Packet size                   : 34
# Packet content column 0       : 3070,3060,3050,3040,3030,3020,3010,3000,3070,3060,3050,3040,3030,3020,3010,3000,3070,3060,3050,3040,3030,3020,3010,3000,3070,3060,3050,3040,3030,3020,3010,3000,3070,3070,
# Packet content column 1       : 3070,3060,3050,3040,3030,3020,3010,3000,3070,3060,3050,3040,3030,3020,3010,3000,3070,3060,3050,3040,3030,3020,3010,3000,3070,3060,3050,3040,3030,3020,3010,3000,3070,3070,
# Packet content column 2       : 3070,3060,3050,3040,3030,3020,3010,3000,3070,3060,3050,3040,3030,3020,3010,3000,3070,3060,3050,3040,3030,3020,3010,3000,3070,3060,3050,3040,3030,3020,3010,3000,3070,3070,
# Packet content column 3       : 3070,3060,3050,3040,3030,3020,3010,3000,3070,3060,3050,3040,3030,3020,3010,3000,3070,3060,3050,3040,3030,3020,3010,3000,3070,3060,3050,3040,3030,3020,3010,3000,3070,3070,
# ------------------------------------------------------------------------------------------------------------------------------------------------------
# Packet header transmit time   : 523093416 ps
# Packet header                 : CA
# Packet size                   : 34
# Packet content column 0       : 4070,4060,4050,4040,4030,4020,4010,4000,4070,4060,4050,4040,4030,4020,4010,4000,4070,4060,4050,4040,4030,4020,4010,4000,4070,4060,4050,4040,4030,4020,4010,4000,4070,4070,
# Packet content column 1       : 4070,4060,4050,4040,4030,4020,4010,4000,4070,4060,4050,4040,4030,4020,4010,4000,4070,4060,4050,4040,4030,4020,4010,4000,4070,4060,4050,4040,4030,4020,4010,4000,4070,4070,
# Packet content column 2       : 4070,4060,4050,4040,4030,4020,4010,4000,4070,4060,4050,4040,4030,4020,4010,4000,4070,4060,4050,4040,4030,4020,4010,4000,4070,4060,4050,4040,4030,4020,4010,4000,4070,4070,
# Packet content column 3       : 4070,4060,4050,4040,4030,4020,4010,4000,4070,4060,4050,4040,4030,4020,4010,4000,4070,4060,4050,4040,4030,4020,4010,4000,4070,4060,4050,4040,4030,4020,4010,4000,4070,4070,
# ------------------------------------------------------------------------------------------------------------------------------------------------------
# Packet header transmit time   : 528536136 ps
# Packet header                 : CA
# Packet size                   : 34
# Packet content column 0       : 5070,5060,5050,5040,5030,5020,5010,5000,5070,5060,5050,5040,5030,5020,5010,5000,5070,5060,5050,5040,5030,5020,5010,5000,5070,5060,5050,5040,5030,5020,5010,5000,5070,5070,
# Packet content column 1       : 5070,5060,5050,5040,5030,5020,5010,5000,5070,5060,5050,5040,5030,5020,5010,5000,5070,5060,5050,5040,5030,5020,5010,5000,5070,5060,5050,5040,5030,5020,5010,5000,5070,5070,
# Packet content column 2       : 5070,5060,5050,5040,5030,5020,5010,5000,5070,5060,5050,5040,5030,5020,5010,5000,5070,5060,5050,5040,5030,5020,5010,5000,5070,5060,5050,5040,5030,5020,5010,5000,5070,5070,
# Packet content column 3       : 5070,5060,5050,5040,5030,5020,5010,5000,5070,5060,5050,5040,5030,5020,5010,5000,5070,5060,5050,5040,5030,5020,5010,5000,5070,5060,5050,5040,5030,5020,5010,5000,5070,5070,
# ------------------------------------------------------------------------------------------------------------------------------------------------------
# Packet header transmit time   : 533978856 ps
# Packet header                 : CA
# Packet size                   : 34
# Packet content column 0       : 6070,6060,6050,6040,6030,6020,6010,6000,6070,6060,6050,6040,6030,6020,6010,6000,6070,6060,6050,6040,6030,6020,6010,6000,6070,6060,6050,6040,6030,6020,6010,6000,6070,6070,
# Packet content column 1       : 6070,6060,6050,6040,6030,6020,6010,6000,6070,6060,6050,6040,6030,6020,6010,6000,6070,6060,6050,6040,6030,6020,6010,6000,6070,6060,6050,6040,6030,6020,6010,6000,6070,6070,
# Packet content column 2       : 6070,6060,6050,6040,6030,6020,6010,6000,6070,6060,6050,6040,6030,6020,6010,6000,6070,6060,6050,6040,6030,6020,6010,6000,6070,6060,6050,6040,6030,6020,6010,6000,6070,6070,
# Packet content column 3       : 6070,6060,6050,6040,6030,6020,6010,6000,6070,6060,6050,6040,6030,6020,6010,6000,6070,6060,6050,6040,6030,6020,6010,6000,6070,6060,6050,6040,6030,6020,6010,6000,6070,6070,
# ------------------------------------------------------------------------------------------------------------------------------------------------------
# Packet header transmit time   : 539421576 ps
# Packet header                 : CA
# Packet size                   : 34
# Packet content column 0       : 7070,7060,7050,7040,7030,7020,7010,7000,7070,7060,7050,7040,7030,7020,7010,7000,7070,7060,7050,7040,7030,7020,7010,7000,7070,7060,7050,7040,7030,7020,7010,7000,7070,7070,
# Packet content column 1       : 7070,7060,7050,7040,7030,7020,7010,7000,7070,7060,7050,7040,7030,7020,7010,7000,7070,7060,7050,7040,7030,7020,7010,7000,7070,7060,7050,7040,7030,7020,7010,7000,7070,7070,
# Packet content column 2       : 7070,7060,7050,7040,7030,7020,7010,7000,7070,7060,7050,7040,7030,7020,7010,7000,7070,7060,7050,7040,7030,7020,7010,7000,7070,7060,7050,7040,7030,7020,7010,7000,7070,7070,
# Packet content column 3       : 7070,7060,7050,7040,7030,7020,7010,7000,7070,7060,7050,7040,7030,7020,7010,7000,7070,7060,7050,7040,7030,7020,7010,7000,7070,7060,7050,7040,7030,7020,7010,7000,7070,7070,
# ------------------------------------------------------------------------------------------------------------------------------------------------------
# Packet header transmit time   : 544864296 ps
# Packet header                 : E2
# Packet size                   : 34
# Packet content column 0       : 7070,7060,7050,7040,7030,7020,7010,7000,7070,7060,7050,7040,7030,7020,7010,7000,7070,7060,7050,7040,7030,7020,7010,7000,7070,7060,7050,7040,7030,7020,7010,7000,7070,7070,
# Packet content column 1       : 7070,7060,7050,7040,7030,7020,7010,7000,7070,7060,7050,7040,7030,7020,7010,7000,7070,7060,7050,7040,7030,7020,7010,7000,7070,7060,7050,7040,7030,7020,7010,7000,7070,7070,
# Packet content column 2       : 7070,7060,7050,7040,7030,7020,7010,7000,7070,7060,7050,7040,7030,7020,7010,7000,7070,7060,7050,7040,7030,7020,7010,7000,7070,7060,7050,7040,7030,7020,7010,7000,7070,7070,
# Packet content column 3       : 7070,7060,7050,7040,7030,7020,7010,7000,7070,7060,7050,7040,7030,7020,7010,7000,7070,7060,7050,7040,7030,7020,7010,7000,7070,7060,7050,7040,7030,7020,7010,7000,7070,7070,
# ------------------------------------------------------------------------------------------------------------------------------------------------------
# Packet header transmit time   : 550307016 ps
# Packet header                 : E2
# Packet size                   : 34
# Packet content column 0       : 7070,7060,7050,7040,7030,7020,7010,7000,7070,7060,7050,7040,7030,7020,7010,7000,7070,7060,7050,7040,7030,7020,7010,7000,7070,7060,7050,7040,7030,7020,7010,7000,7070,7070,
# Packet content column 1       : 7070,7060,7050,7040,7030,7020,7010,7000,7070,7060,7050,7040,7030,7020,7010,7000,7070,7060,7050,7040,7030,7020,7010,7000,7070,7060,7050,7040,7030,7020,7010,7000,7070,7070,
# Packet content column 2       : 7070,7060,7050,7040,7030,7020,7010,7000,7070,7060,7050,7040,7030,7020,7010,7000,7070,7060,7050,7040,7030,7020,7010,7000,7070,7060,7050,7040,7030,7020,7010,7000,7070,7070,
# Packet content column 3       : 7070,7060,7050,7040,7030,7020,7010,7000,7070,7060,7050,7040,7030,7020,7010,7000,7070,7060,7050,7040,7030,7020,7010,7000,7070,7060,7050,7040,7030,7020,7010,7000,7070,7070,
# ------------------------------------------------------------------------------------------------------------------------------------------------------
# Packet header transmit time   : 555749736 ps
# Packet header                 : E2
# Packet size                   : 34
# Packet content column 0       : 7070,7060,7050,7040,7030,7020,7010,7000,7070,7060,7050,7040,7030,7020,7010,7000,7070,7060,7050,7040,7030,7020,7010,7000,7070,7060,7050,7040,7030,7020,7010,7000,7070,7070,
# Packet content column 1       : 7070,7060,7050,7040,7030,7020,7010,7000,7070,7060,7050,7040,7030,7020,7010,7000,7070,7060,7050,7040,7030,7020,7010,7000,7070,7060,7050,7040,7030,7020,7010,7000,7070,7070,
# Packet content column 2       : 7070,7060,7050,7040,7030,7020,7010,7000,7070,7060,7050,7040,7030,7020,7010,7000,7070,7060,7050,7040,7030,7020,7010,7000,7070,7060,7050,7040,7030,7020,7010,7000,7070,7070,
# Packet content column 3       : 7070,7060,7050,7040,7030,7020,7010,7000,7070,7060,7050,7040,7030,7020,7010,7000,7070,7060,7050,7040,7030,7020,7010,7000,7070,7060,7050,7040,7030,7020,7010,7000,7070,7070,
# ------------------------------------------------------------------------------------------------------------------------------------------------------
# Packet header transmit time   : 561192456 ps
# Packet header                 : E2
# Packet size                   : 34
# Packet content column 0       : 7070,7060,7050,7040,7030,7020,7010,7000,7070,7060,7050,7040,7030,7020,7010,7000,7070,7060,7050,7040,7030,7020,7010,7000,7070,7060,7050,7040,7030,7020,7010,7000,7070,7070,
# Packet content column 1       : 7070,7060,7050,7040,7030,7020,7010,7000,7070,7060,7050,7040,7030,7020,7010,7000,7070,7060,7050,7040,7030,7020,7010,7000,7070,7060,7050,7040,7030,7020,7010,7000,7070,7070,
# Packet content column 2       : 7070,7060,7050,7040,7030,7020,7010,7000,7070,7060,7050,7040,7030,7020,7010,7000,7070,7060,7050,7040,7030,7020,7010,7000,7070,7060,7050,7040,7030,7020,7010,7000,7070,7070,
# Packet content column 3       : 7070,7060,7050,7040,7030,7020,7010,7000,7070,7060,7050,7040,7030,7020,7010,7000,7070,7060,7050,7040,7030,7020,7010,7000,7070,7060,7050,7040,7030,7020,7010,7000,7070,7070,
# ------------------------------------------------------------------------------------------------------------------------------------------------------
# Packet header transmit time   : 566635176 ps
# Packet header                 : CA
# Packet size                   : 34
# Packet content column 0       : 6270,6260,6250,6240,6230,6220,6210,6200,6270,6260,6250,6240,6230,6220,6210,6200,6270,6260,6250,6240,6230,6220,6210,6200,6270,6260,6250,6240,6230,6220,6210,6200,6270,6270,
# Packet content column 1       : 6270,6260,6250,6240,6230,6220,6210,6200,6270,6260,6250,6240,6230,6220,6210,6200,6270,6260,6250,6240,6230,6220,6210,6200,6270,6260,6250,6240,6230,6220,6210,6200,6270,6270,
# Packet content column 2       : 6270,6260,6250,6240,6230,6220,6210,6200,6270,6260,6250,6240,6230,6220,6210,6200,6270,6260,6250,6240,6230,6220,6210,6200,6270,6260,6250,6240,6230,6220,6210,6200,6270,6270,
# Packet content column 3       : 6270,6260,6250,6240,6230,6220,6210,6200,6270,6260,6250,6240,6230,6220,6210,6200,6270,6260,6250,6240,6230,6220,6210,6200,6270,6260,6250,6240,6230,6220,6210,6200,6270,6270,
# ------------------------------------------------------------------------------------------------------------------------------------------------------
# Packet header transmit time   : 572077896 ps
# Packet header                 : CA
# Packet size                   : 34
# Packet content column 0       : 5470,5460,5450,5440,5430,5420,5410,5400,5470,5460,5450,5440,5430,5420,5410,5400,5470,5460,5450,5440,5430,5420,5410,5400,5470,5460,5450,5440,5430,5420,5410,5400,5470,5470,
# Packet content column 1       : 5470,5460,5450,5440,5430,5420,5410,5400,5470,5460,5450,5440,5430,5420,5410,5400,5470,5460,5450,5440,5430,5420,5410,5400,5470,5460,5450,5440,5430,5420,5410,5400,5470,5470,
# Packet content column 2       : 5470,5460,5450,5440,5430,5420,5410,5400,5470,5460,5450,5440,5430,5420,5410,5400,5470,5460,5450,5440,5430,5420,5410,5400,5470,5460,5450,5440,5430,5420,5410,5400,5470,5470,
# Packet content column 3       : 5470,5460,5450,5440,5430,5420,5410,5400,5470,5460,5450,5440,5430,5420,5410,5400,5470,5460,5450,5440,5430,5420,5410,5400,5470,5460,5450,5440,5430,5420,5410,5400,5470,5470,
# ------------------------------------------------------------------------------------------------------------------------------------------------------
# Packet header transmit time   : 577520616 ps
# Packet header                 : CA
# Packet size                   : 34
# Packet content column 0       : 4670,4660,4650,4640,4630,4620,4610,4600,4670,4660,4650,4640,4630,4620,4610,4600,4670,4660,4650,4640,4630,4620,4610,4600,4670,4660,4650,4640,4630,4620,4610,4600,4670,4670,
# Packet content column 1       : 4670,4660,4650,4640,4630,4620,4610,4600,4670,4660,4650,4640,4630,4620,4610,4600,4670,4660,4650,4640,4630,4620,4610,4600,4670,4660,4650,4640,4630,4620,4610,4600,4670,4670,
# Packet content column 2       : 4670,4660,4650,4640,4630,4620,4610,4600,4670,4660,4650,4640,4630,4620,4610,4600,4670,4660,4650,4640,4630,4620,4610,4600,4670,4660,4650,4640,4630,4620,4610,4600,4670,4670,
# Packet content column 3       : 4670,4660,4650,4640,4630,4620,4610,4600,4670,4660,4650,4640,4630,4620,4610,4600,4670,4660,4650,4640,4630,4620,4610,4600,4670,4660,4650,4640,4630,4620,4610,4600,4670,4670,
# ------------------------------------------------------------------------------------------------------------------------------------------------------
# Packet header transmit time   : 582963336 ps
# Packet header                 : CA
# Packet size                   : 34
# Packet content column 0       : 3870,3860,3850,3840,3830,3820,3810,3800,3870,3860,3850,3840,3830,3820,3810,3800,3870,3860,3850,3840,3830,3820,3810,3800,3870,3860,3850,3840,3830,3820,3810,3800,3870,3870,
# Packet content column 1       : 3870,3860,3850,3840,3830,3820,3810,3800,3870,3860,3850,3840,3830,3820,3810,3800,3870,3860,3850,3840,3830,3820,3810,3800,3870,3860,3850,3840,3830,3820,3810,3800,3870,3870,
# Packet content column 2       : 3870,3860,3850,3840,3830,3820,3810,3800,3870,3860,3850,3840,3830,3820,3810,3800,3870,3860,3850,3840,3830,3820,3810,3800,3870,3860,3850,3840,3830,3820,3810,3800,3870,3870,
# Packet content column 3       : 3870,3860,3850,3840,3830,3820,3810,3800,3870,3860,3850,3840,3830,3820,3810,3800,3870,3860,3850,3840,3830,3820,3810,3800,3870,3860,3850,3840,3830,3820,3810,3800,3870,3870,
# ------------------------------------------------------------------------------------------------------------------------------------------------------
# Packet header transmit time   : 588406056 ps
# Packet header                 : CA
# Packet size                   : 34
# Packet content column 0       : 2A70,2A60,2A50,2A40,2A30,2A20,2A10,2A00,2A70,2A60,2A50,2A40,2A30,2A20,2A10,2A00,2A70,2A60,2A50,2A40,2A30,2A20,2A10,2A00,2A70,2A60,2A50,2A40,2A30,2A20,2A10,2A00,2A70,2A70,
# Packet content column 1       : 2A70,2A60,2A50,2A40,2A30,2A20,2A10,2A00,2A70,2A60,2A50,2A40,2A30,2A20,2A10,2A00,2A70,2A60,2A50,2A40,2A30,2A20,2A10,2A00,2A70,2A60,2A50,2A40,2A30,2A20,2A10,2A00,2A70,2A70,
# Packet content column 2       : 2A70,2A60,2A50,2A40,2A30,2A20,2A10,2A00,2A70,2A60,2A50,2A40,2A30,2A20,2A10,2A00,2A70,2A60,2A50,2A40,2A30,2A20,2A10,2A00,2A70,2A60,2A50,2A40,2A30,2A20,2A10,2A00,2A70,2A70,
# Packet content column 3       : 2A70,2A60,2A50,2A40,2A30,2A20,2A10,2A00,2A70,2A60,2A50,2A40,2A30,2A20,2A10,2A00,2A70,2A60,2A50,2A40,2A30,2A20,2A10,2A00,2A70,2A60,2A50,2A40,2A30,2A20,2A10,2A00,2A70,2A70,
# ------------------------------------------------------------------------------------------------------------------------------------------------------
# Packet header transmit time   : 593848776 ps
# Packet header                 : CA
# Packet size                   : 34
# Packet content column 0       : 1C70,1C60,1C50,1C40,1C30,1C20,1C10,1C00,1C70,1C60,1C50,1C40,1C30,1C20,1C10,1C00,1C70,1C60,1C50,1C40,1C30,1C20,1C10,1C00,1C70,1C60,1C50,1C40,1C30,1C20,1C10,1C00,1C70,1C70,
# Packet content column 1       : 1C70,1C60,1C50,1C40,1C30,1C20,1C10,1C00,1C70,1C60,1C50,1C40,1C30,1C20,1C10,1C00,1C70,1C60,1C50,1C40,1C30,1C20,1C10,1C00,1C70,1C60,1C50,1C40,1C30,1C20,1C10,1C00,1C70,1C70,
# Packet content column 2       : 1C70,1C60,1C50,1C40,1C30,1C20,1C10,1C00,1C70,1C60,1C50,1C40,1C30,1C20,1C10,1C00,1C70,1C60,1C50,1C40,1C30,1C20,1C10,1C00,1C70,1C60,1C50,1C40,1C30,1C20,1C10,1C00,1C70,1C70,
# Packet content column 3       : 1C70,1C60,1C50,1C40,1C30,1C20,1C10,1C00,1C70,1C60,1C50,1C40,1C30,1C20,1C10,1C00,1C70,1C60,1C50,1C40,1C30,1C20,1C10,1C00,1C70,1C60,1C50,1C40,1C30,1C20,1C10,1C00,1C70,1C70,
# ------------------------------------------------------------------------------------------------------------------------------------------------------
# Packet header transmit time   : 599291496 ps
# Packet header                 : CA
# Packet size                   : 34
# Packet content column 0       : 0E70,0E60,0E50,0E40,0E30,0E20,0E10,0E00,0E70,0E60,0E50,0E40,0E30,0E20,0E10,0E00,0E70,0E60,0E50,0E40,0E30,0E20,0E10,0E00,0E70,0E60,0E50,0E40,0E30,0E20,0E10,0E00,0E70,0E70,
# Packet content column 1       : 0E70,0E60,0E50,0E40,0E30,0E20,0E10,0E00,0E70,0E60,0E50,0E40,0E30,0E20,0E10,0E00,0E70,0E60,0E50,0E40,0E30,0E20,0E10,0E00,0E70,0E60,0E50,0E40,0E30,0E20,0E10,0E00,0E70,0E70,
# Packet content column 2       : 0E70,0E60,0E50,0E40,0E30,0E20,0E10,0E00,0E70,0E60,0E50,0E40,0E30,0E20,0E10,0E00,0E70,0E60,0E50,0E40,0E30,0E20,0E10,0E00,0E70,0E60,0E50,0E40,0E30,0E20,0E10,0E00,0E70,0E70,
# Packet content column 3       : 0E70,0E60,0E50,0E40,0E30,0E20,0E10,0E00,0E70,0E60,0E50,0E40,0E30,0E20,0E10,0E00,0E70,0E60,0E50,0E40,0E30,0E20,0E10,0E00,0E70,0E60,0E50,0E40,0E30,0E20,0E10,0E00,0E70,0E70,
# ------------------------------------------------------------------------------------------------------------------------------------------------------
# Packet header transmit time   : 604734216 ps
# Packet header                 : CA
# Packet size                   : 34
# Packet content column 0       : 0070,0060,0050,0040,0030,0020,0010,0000,0070,0060,0050,0040,0030,0020,0010,0000,0070,0060,0050,0040,0030,0020,0010,0000,0070,0060,0050,0040,0030,0020,0010,0000,0070,0070,
# Packet content column 1       : 0070,0060,0050,0040,0030,0020,0010,0000,0070,0060,0050,0040,0030,0020,0010,0000,0070,0060,0050,0040,0030,0020,0010,0000,0070,0060,0050,0040,0030,0020,0010,0000,0070,0070,
# Packet content column 2       : 0070,0060,0050,0040,0030,0020,0010,0000,0070,0060,0050,0040,0030,0020,0010,0000,0070,0060,0050,0040,0030,0020,0010,0000,0070,0060,0050,0040,0030,0020,0010,0000,0070,0070,
# Packet content column 3       : 0070,0060,0050,0040,0030,0020,0010,0000,0070,0060,0050,0040,0030,0020,0010,0000,0070,0060,0050,0040,0030,0020,0010,0000,0070,0060,0050,0040,0030,0020,0010,0000,0070,0070,
# ------------------------------------------------------------------------------------------------------------------------------------------------------
# Packet header transmit time   : 610176936 ps
# Packet header                 : E2
# Packet size                   : 34
# Packet content column 0       : 0070,0060,0050,0040,0030,0020,0010,0000,0070,0060,0050,0040,0030,0020,0010,0000,0070,0060,0050,0040,0030,0020,0010,0000,0070,0060,0050,0040,0030,0020,0010,0000,0070,0070,
# Packet content column 1       : 0070,0060,0050,0040,0030,0020,0010,0000,0070,0060,0050,0040,0030,0020,0010,0000,0070,0060,0050,0040,0030,0020,0010,0000,0070,0060,0050,0040,0030,0020,0010,0000,0070,0070,
# Packet content column 2       : 0070,0060,0050,0040,0030,0020,0010,0000,0070,0060,0050,0040,0030,0020,0010,0000,0070,0060,0050,0040,0030,0020,0010,0000,0070,0060,0050,0040,0030,0020,0010,0000,0070,0070,
# Packet content column 3       : 0070,0060,0050,0040,0030,0020,0010,0000,0070,0060,0050,0040,0030,0020,0010,0000,0070,0060,0050,0040,0030,0020,0010,0000,0070,0060,0050,0040,0030,0020,0010,0000,0070,0070,
# ------------------------------------------------------------------------------------------------------------------------------------------------------
# Packet header transmit time   : 615619656 ps
# Packet header                 : E2
# Packet size                   : 34
# Packet content column 0       : 0070,0060,0050,0040,0030,0020,0010,0000,0070,0060,0050,0040,0030,0020,0010,0000,0070,0060,0050,0040,0030,0020,0010,0000,0070,0060,0050,0040,0030,0020,0010,0000,0070,0070,
# Packet content column 1       : 0070,0060,0050,0040,0030,0020,0010,0000,0070,0060,0050,0040,0030,0020,0010,0000,0070,0060,0050,0040,0030,0020,0010,0000,0070,0060,0050,0040,0030,0020,0010,0000,0070,0070,
# Packet content column 2       : 0070,0060,0050,0040,0030,0020,0010,0000,0070,0060,0050,0040,0030,0020,0010,0000,0070,0060,0050,0040,0030,0020,0010,0000,0070,0060,0050,0040,0030,0020,0010,0000,0070,0070,
# Packet content column 3       : 0070,0060,0050,0040,0030,0020,0010,0000,0070,0060,0050,0040,0030,0020,0010,0000,0070,0060,0050,0040,0030,0020,0010,0000,0070,0060,0050,0040,0030,0020,0010,0000,0070,0070,
# ------------------------------------------------------------------------------------------------------------------------------------------------------
# Packet header transmit time   : 621062376 ps
# Packet header                 : E2
# Packet size                   : 34
# Packet content column 0       : 0070,0060,0050,0040,0030,0020,0010,0000,0070,0060,0050,0040,0030,0020,0010,0000,0070,0060,0050,0040,0030,0020,0010,0000,0070,0060,0050,0040,0030,0020,0010,0000,0070,0070,
# Packet content column 1       : 0070,0060,0050,0040,0030,0020,0010,0000,0070,0060,0050,0040,0030,0020,0010,0000,0070,0060,0050,0040,0030,0020,0010,0000,0070,0060,0050,0040,0030,0020,0010,0000,0070,0070,
# Packet content column 2       : 0070,0060,0050,0040,0030,0020,0010,0000,0070,0060,0050,0040,0030,0020,0010,0000,0070,0060,0050,0040,0030,0020,0010,0000,0070,0060,0050,0040,0030,0020,0010,0000,0070,0070,
# Packet content column 3       : 0070,0060,0050,0040,0030,0020,0010,0000,0070,0060,0050,0040,0030,0020,0010,0000,0070,0060,0050,0040,0030,0020,0010,0000,0070,0060,0050,0040,0030,0020,0010,0000,0070,0070,
# ------------------------------------------------------------------------------------------------------------------------------------------------------
# Packet header transmit time   : 626505096 ps
# Packet header                 : E2
# Packet size                   : 34
# Packet content column 0       : 0070,0060,0050,0040,0030,0020,0010,0000,0070,0060,0050,0040,0030,0020,0010,0000,0070,0060,0050,0040,0030,0020,0010,0000,0070,0060,0050,0040,0030,0020,0010,0000,0070,0070,
# Packet content column 1       : 0070,0060,0050,0040,0030,0020,0010,0000,0070,0060,0050,0040,0030,0020,0010,0000,0070,0060,0050,0040,0030,0020,0010,0000,0070,0060,0050,0040,0030,0020,0010,0000,0070,0070,
# Packet content column 2       : 0070,0060,0050,0040,0030,0020,0010,0000,0070,0060,0050,0040,0030,0020,0010,0000,0070,0060,0050,0040,0030,0020,0010,0000,0070,0060,0050,0040,0030,0020,0010,0000,0070,0070,
# Packet content column 3       : 0070,0060,0050,0040,0030,0020,0010,0000,0070,0060,0050,0040,0030,0020,0010,0000,0070,0060,0050,0040,0030,0020,0010,0000,0070,0060,0050,0040,0030,0020,0010,0000,0070,0070,
# ------------------------------------------------------------------------------------------------------------------------------------------------------
# Packet header transmit time   : 631947816 ps
# Packet header                 : E2
# Packet size                   : 34
# Packet content column 0       : 0070,0060,0050,0040,0030,0020,0010,0000,0070,0060,0050,0040,0030,0020,0010,0000,0070,0060,0050,0040,0030,0020,0010,0000,0070,0060,0050,0040,0030,0020,0010,0000,0070,0070,
# Packet content column 1       : 0070,0060,0050,0040,0030,0020,0010,0000,0070,0060,0050,0040,0030,0020,0010,0000,0070,0060,0050,0040,0030,0020,0010,0000,0070,0060,0050,0040,0030,0020,0010,0000,0070,0070,
# Packet content column 2       : 0070,0060,0050,0040,0030,0020,0010,0000,0070,0060,0050,0040,0030,0020,0010,0000,0070,0060,0050,0040,0030,0020,0010,0000,0070,0060,0050,0040,0030,0020,0010,0000,0070,0070,
# Packet content column 3       : 0070,0060,0050,0040,0030,0020,0010,0000,0070,0060,0050,0040,0030,0020,0010,0000,0070,0060,0050,0040,0030,0020,0010,0000,0070,0060,0050,0040,0030,0020,0010,0000,0070,0070,
# ------------------------------------------------------------------------------------------------------------------------------------------------------
# Packet header transmit time   : 637390536 ps
# Packet header                 : CA
# Packet size                   : 34
# Packet content column 0       : 1070,1060,1050,1040,1030,1020,1010,1000,1070,1060,1050,1040,1030,1020,1010,1000,1070,1060,1050,1040,1030,1020,1010,1000,1070,1060,1050,1040,1030,1020,1010,1000,1070,1070,
# Packet content column 1       : 1070,1060,1050,1040,1030,1020,1010,1000,1070,1060,1050,1040,1030,1020,1010,1000,1070,1060,1050,1040,1030,1020,1010,1000,1070,1060,1050,1040,1030,1020,1010,1000,1070,1070,
# Packet content column 2       : 1070,1060,1050,1040,1030,1020,1010,1000,1070,1060,1050,1040,1030,1020,1010,1000,1070,1060,1050,1040,1030,1020,1010,1000,1070,1060,1050,1040,1030,1020,1010,1000,1070,1070,
# Packet content column 3       : 1070,1060,1050,1040,1030,1020,1010,1000,1070,1060,1050,1040,1030,1020,1010,1000,1070,1060,1050,1040,1030,1020,1010,1000,1070,1060,1050,1040,1030,1020,1010,1000,1070,1070,
# ------------------------------------------------------------------------------------------------------------------------------------------------------
# Packet header transmit time   : 642833256 ps
# Packet header                 : CA
# Packet size                   : 34
# Packet content column 0       : 2070,2060,2050,2040,2030,2020,2010,2000,2070,2060,2050,2040,2030,2020,2010,2000,2070,2060,2050,2040,2030,2020,2010,2000,2070,2060,2050,2040,2030,2020,2010,2000,2070,2070,
# Packet content column 1       : 2070,2060,2050,2040,2030,2020,2010,2000,2070,2060,2050,2040,2030,2020,2010,2000,2070,2060,2050,2040,2030,2020,2010,2000,2070,2060,2050,2040,2030,2020,2010,2000,2070,2070,
# Packet content column 2       : 2070,2060,2050,2040,2030,2020,2010,2000,2070,2060,2050,2040,2030,2020,2010,2000,2070,2060,2050,2040,2030,2020,2010,2000,2070,2060,2050,2040,2030,2020,2010,2000,2070,2070,
# Packet content column 3       : 2070,2060,2050,2040,2030,2020,2010,2000,2070,2060,2050,2040,2030,2020,2010,2000,2070,2060,2050,2040,2030,2020,2010,2000,2070,2060,2050,2040,2030,2020,2010,2000,2070,2070,
# ------------------------------------------------------------------------------------------------------------------------------------------------------
# Packet header transmit time   : 648275976 ps
# Packet header                 : CA
# Packet size                   : 34
# Packet content column 0       : 3070,3060,3050,3040,3030,3020,3010,3000,3070,3060,3050,3040,3030,3020,3010,3000,3070,3060,3050,3040,3030,3020,3010,3000,3070,3060,3050,3040,3030,3020,3010,3000,3070,3070,
# Packet content column 1       : 3070,3060,3050,3040,3030,3020,3010,3000,3070,3060,3050,3040,3030,3020,3010,3000,3070,3060,3050,3040,3030,3020,3010,3000,3070,3060,3050,3040,3030,3020,3010,3000,3070,3070,
# Packet content column 2       : 3070,3060,3050,3040,3030,3020,3010,3000,3070,3060,3050,3040,3030,3020,3010,3000,3070,3060,3050,3040,3030,3020,3010,3000,3070,3060,3050,3040,3030,3020,3010,3000,3070,3070,
# Packet content column 3       : 3070,3060,3050,3040,3030,3020,3010,3000,3070,3060,3050,3040,3030,3020,3010,3000,3070,3060,3050,3040,3030,3020,3010,3000,3070,3060,3050,3040,3030,3020,3010,3000,3070,3070,
# ------------------------------------------------------------------------------------------------------------------------------------------------------
# Packet header transmit time   : 653718696 ps
# Packet header                 : CA
# Packet size                   : 34
# Packet content column 0       : 4070,4060,4050,4040,4030,4020,4010,4000,4070,4060,4050,4040,4030,4020,4010,4000,4070,4060,4050,4040,4030,4020,4010,4000,4070,4060,4050,4040,4030,4020,4010,4000,4070,4070,
# Packet content column 1       : 4070,4060,4050,4040,4030,4020,4010,4000,4070,4060,4050,4040,4030,4020,4010,4000,4070,4060,4050,4040,4030,4020,4010,4000,4070,4060,4050,4040,4030,4020,4010,4000,4070,4070,
# Packet content column 2       : 4070,4060,4050,4040,4030,4020,4010,4000,4070,4060,4050,4040,4030,4020,4010,4000,4070,4060,4050,4040,4030,4020,4010,4000,4070,4060,4050,4040,4030,4020,4010,4000,4070,4070,
# Packet content column 3       : 4070,4060,4050,4040,4030,4020,4010,4000,4070,4060,4050,4040,4030,4020,4010,4000,4070,4060,4050,4040,4030,4020,4010,4000,4070,4060,4050,4040,4030,4020,4010,4000,4070,4070,
# ------------------------------------------------------------------------------------------------------------------------------------------------------
# Packet header transmit time   : 659161416 ps
# Packet header                 : CA
# Packet size                   : 34
# Packet content column 0       : 5070,5060,5050,5040,5030,5020,5010,5000,5070,5060,5050,5040,5030,5020,5010,5000,5070,5060,5050,5040,5030,5020,5010,5000,5070,5060,5050,5040,5030,5020,5010,5000,5070,5070,
# Packet content column 1       : 5070,5060,5050,5040,5030,5020,5010,5000,5070,5060,5050,5040,5030,5020,5010,5000,5070,5060,5050,5040,5030,5020,5010,5000,5070,5060,5050,5040,5030,5020,5010,5000,5070,5070,
# Packet content column 2       : 5070,5060,5050,5040,5030,5020,5010,5000,5070,5060,5050,5040,5030,5020,5010,5000,5070,5060,5050,5040,5030,5020,5010,5000,5070,5060,5050,5040,5030,5020,5010,5000,5070,5070,
# Packet content column 3       : 5070,5060,5050,5040,5030,5020,5010,5000,5070,5060,5050,5040,5030,5020,5010,5000,5070,5060,5050,5040,5030,5020,5010,5000,5070,5060,5050,5040,5030,5020,5010,5000,5070,5070,
# ------------------------------------------------------------------------------------------------------------------------------------------------------
# Packet header transmit time   : 664604136 ps
# Packet header                 : CA
# Packet size                   : 34
# Packet content column 0       : 6070,6060,6050,6040,6030,6020,6010,6000,6070,6060,6050,6040,6030,6020,6010,6000,6070,6060,6050,6040,6030,6020,6010,6000,6070,6060,6050,6040,6030,6020,6010,6000,6070,6070,
# Packet content column 1       : 6070,6060,6050,6040,6030,6020,6010,6000,6070,6060,6050,6040,6030,6020,6010,6000,6070,6060,6050,6040,6030,6020,6010,6000,6070,6060,6050,6040,6030,6020,6010,6000,6070,6070,
# Packet content column 2       : 6070,6060,6050,6040,6030,6020,6010,6000,6070,6060,6050,6040,6030,6020,6010,6000,6070,6060,6050,6040,6030,6020,6010,6000,6070,6060,6050,6040,6030,6020,6010,6000,6070,6070,
# Packet content column 3       : 6070,6060,6050,6040,6030,6020,6010,6000,6070,6060,6050,6040,6030,6020,6010,6000,6070,6060,6050,6040,6030,6020,6010,6000,6070,6060,6050,6040,6030,6020,6010,6000,6070,6070,
# ------------------------------------------------------------------------------------------------------------------------------------------------------
# Packet header transmit time   : 670046856 ps
# Packet header                 : CA
# Packet size                   : 34
# Packet content column 0       : 7070,7060,7050,7040,7030,7020,7010,7000,7070,7060,7050,7040,7030,7020,7010,7000,7070,7060,7050,7040,7030,7020,7010,7000,7070,7060,7050,7040,7030,7020,7010,7000,7070,7070,
# Packet content column 1       : 7070,7060,7050,7040,7030,7020,7010,7000,7070,7060,7050,7040,7030,7020,7010,7000,7070,7060,7050,7040,7030,7020,7010,7000,7070,7060,7050,7040,7030,7020,7010,7000,7070,7070,
# Packet content column 2       : 7070,7060,7050,7040,7030,7020,7010,7000,7070,7060,7050,7040,7030,7020,7010,7000,7070,7060,7050,7040,7030,7020,7010,7000,7070,7060,7050,7040,7030,7020,7010,7000,7070,7070,
# Packet content column 3       : 7070,7060,7050,7040,7030,7020,7010,7000,7070,7060,7050,7040,7030,7020,7010,7000,7070,7060,7050,7040,7030,7020,7010,7000,7070,7060,7050,7040,7030,7020,7010,7000,7070,7070,
# ------------------------------------------------------------------------------------------------------------------------------------------------------
# Packet header transmit time   : 675489576 ps
# Packet header                 : E2
# Packet size                   : 34
# Packet content column 0       : 7070,7060,7050,7040,7030,7020,7010,7000,7070,7060,7050,7040,7030,7020,7010,7000,7070,7060,7050,7040,7030,7020,7010,7000,7070,7060,7050,7040,7030,7020,7010,7000,7070,7070,
# Packet content column 1       : 7070,7060,7050,7040,7030,7020,7010,7000,7070,7060,7050,7040,7030,7020,7010,7000,7070,7060,7050,7040,7030,7020,7010,7000,7070,7060,7050,7040,7030,7020,7010,7000,7070,7070,
# Packet content column 2       : 7070,7060,7050,7040,7030,7020,7010,7000,7070,7060,7050,7040,7030,7020,7010,7000,7070,7060,7050,7040,7030,7020,7010,7000,7070,7060,7050,7040,7030,7020,7010,7000,7070,7070,
# Packet content column 3       : 7070,7060,7050,7040,7030,7020,7010,7000,7070,7060,7050,7040,7030,7020,7010,7000,7070,7060,7050,7040,7030,7020,7010,7000,7070,7060,7050,7040,7030,7020,7010,7000,7070,7070,
# ------------------------------------------------------------------------------------------------------------------------------------------------------
# Packet header transmit time   : 680932296 ps
# Packet header                 : E2
# Packet size                   : 34
# Packet content column 0       : 7070,7060,7050,7040,7030,7020,7010,7000,7070,7060,7050,7040,7030,7020,7010,7000,7070,7060,7050,7040,7030,7020,7010,7000,7070,7060,7050,7040,7030,7020,7010,7000,7070,7070,
# Packet content column 1       : 7070,7060,7050,7040,7030,7020,7010,7000,7070,7060,7050,7040,7030,7020,7010,7000,7070,7060,7050,7040,7030,7020,7010,7000,7070,7060,7050,7040,7030,7020,7010,7000,7070,7070,
# Packet content column 2       : 7070,7060,7050,7040,7030,7020,7010,7000,7070,7060,7050,7040,7030,7020,7010,7000,7070,7060,7050,7040,7030,7020,7010,7000,7070,7060,7050,7040,7030,7020,7010,7000,7070,7070,
# Packet content column 3       : 7070,7060,7050,7040,7030,7020,7010,7000,7070,7060,7050,7040,7030,7020,7010,7000,7070,7060,7050,7040,7030,7020,7010,7000,7070,7060,7050,7040,7030,7020,7010,7000,7070,7070,
# ------------------------------------------------------------------------------------------------------------------------------------------------------
# Packet header transmit time   : 686375016 ps
# Packet header                 : E2
# Packet size                   : 34
# Packet content column 0       : 7070,7060,7050,7040,7030,7020,7010,7000,7070,7060,7050,7040,7030,7020,7010,7000,7070,7060,7050,7040,7030,7020,7010,7000,7070,7060,7050,7040,7030,7020,7010,7000,7070,7070,
# Packet content column 1       : 7070,7060,7050,7040,7030,7020,7010,7000,7070,7060,7050,7040,7030,7020,7010,7000,7070,7060,7050,7040,7030,7020,7010,7000,7070,7060,7050,7040,7030,7020,7010,7000,7070,7070,
# Packet content column 2       : 7070,7060,7050,7040,7030,7020,7010,7000,7070,7060,7050,7040,7030,7020,7010,7000,7070,7060,7050,7040,7030,7020,7010,7000,7070,7060,7050,7040,7030,7020,7010,7000,7070,7070,
# Packet content column 3       : 7070,7060,7050,7040,7030,7020,7010,7000,7070,7060,7050,7040,7030,7020,7010,7000,7070,7060,7050,7040,7030,7020,7010,7000,7070,7060,7050,7040,7030,7020,7010,7000,7070,7070,
# ------------------------------------------------------------------------------------------------------------------------------------------------------
# Packet header transmit time   : 691817736 ps
# Packet header                 : E2
# Packet size                   : 34
# Packet content column 0       : 7070,7060,7050,7040,7030,7020,7010,7000,7070,7060,7050,7040,7030,7020,7010,7000,7070,7060,7050,7040,7030,7020,7010,7000,7070,7060,7050,7040,7030,7020,7010,7000,7070,7070,
# Packet content column 1       : 7070,7060,7050,7040,7030,7020,7010,7000,7070,7060,7050,7040,7030,7020,7010,7000,7070,7060,7050,7040,7030,7020,7010,7000,7070,7060,7050,7040,7030,7020,7010,7000,7070,7070,
# Packet content column 2       : 7070,7060,7050,7040,7030,7020,7010,7000,7070,7060,7050,7040,7030,7020,7010,7000,7070,7060,7050,7040,7030,7020,7010,7000,7070,7060,7050,7040,7030,7020,7010,7000,7070,7070,
# Packet content column 3       : 7070,7060,7050,7040,7030,7020,7010,7000,7070,7060,7050,7040,7030,7020,7010,7000,7070,7060,7050,7040,7030,7020,7010,7000,7070,7060,7050,7040,7030,7020,7010,7000,7070,7070,
# ------------------------------------------------------------------------------------------------------------------------------------------------------
# Packet header transmit time   : 697260456 ps
# Packet header                 : CA
# Packet size                   : 34
# Packet content column 0       : 6270,6260,6250,6240,6230,6220,6210,6200,6270,6260,6250,6240,6230,6220,6210,6200,6270,6260,6250,6240,6230,6220,6210,6200,6270,6260,6250,6240,6230,6220,6210,6200,6270,6270,
# Packet content column 1       : 6270,6260,6250,6240,6230,6220,6210,6200,6270,6260,6250,6240,6230,6220,6210,6200,6270,6260,6250,6240,6230,6220,6210,6200,6270,6260,6250,6240,6230,6220,6210,6200,6270,6270,
# Packet content column 2       : 6270,6260,6250,6240,6230,6220,6210,6200,6270,6260,6250,6240,6230,6220,6210,6200,6270,6260,6250,6240,6230,6220,6210,6200,6270,6260,6250,6240,6230,6220,6210,6200,6270,6270,
# Packet content column 3       : 6270,6260,6250,6240,6230,6220,6210,6200,6270,6260,6250,6240,6230,6220,6210,6200,6270,6260,6250,6240,6230,6220,6210,6200,6270,6260,6250,6240,6230,6220,6210,6200,6270,6270,
# ------------------------------------------------------------------------------------------------------------------------------------------------------
# Packet header transmit time   : 702703176 ps
# Packet header                 : CA
# Packet size                   : 34
# Packet content column 0       : 5470,5460,5450,5440,5430,5420,5410,5400,5470,5460,5450,5440,5430,5420,5410,5400,5470,5460,5450,5440,5430,5420,5410,5400,5470,5460,5450,5440,5430,5420,5410,5400,5470,5470,
# Packet content column 1       : 5470,5460,5450,5440,5430,5420,5410,5400,5470,5460,5450,5440,5430,5420,5410,5400,5470,5460,5450,5440,5430,5420,5410,5400,5470,5460,5450,5440,5430,5420,5410,5400,5470,5470,
# Packet content column 2       : 5470,5460,5450,5440,5430,5420,5410,5400,5470,5460,5450,5440,5430,5420,5410,5400,5470,5460,5450,5440,5430,5420,5410,5400,5470,5460,5450,5440,5430,5420,5410,5400,5470,5470,
# Packet content column 3       : 5470,5460,5450,5440,5430,5420,5410,5400,5470,5460,5450,5440,5430,5420,5410,5400,5470,5460,5450,5440,5430,5420,5410,5400,5470,5460,5450,5440,5430,5420,5410,5400,5470,5470,
# ------------------------------------------------------------------------------------------------------------------------------------------------------
# Packet header transmit time   : 708145896 ps
# Packet header                 : CA
# Packet size                   : 34
# Packet content column 0       : 4670,4660,4650,4640,4630,4620,4610,4600,4670,4660,4650,4640,4630,4620,4610,4600,4670,4660,4650,4640,4630,4620,4610,4600,4670,4660,4650,4640,4630,4620,4610,4600,4670,4670,
# Packet content column 1       : 4670,4660,4650,4640,4630,4620,4610,4600,4670,4660,4650,4640,4630,4620,4610,4600,4670,4660,4650,4640,4630,4620,4610,4600,4670,4660,4650,4640,4630,4620,4610,4600,4670,4670,
# Packet content column 2       : 4670,4660,4650,4640,4630,4620,4610,4600,4670,4660,4650,4640,4630,4620,4610,4600,4670,4660,4650,4640,4630,4620,4610,4600,4670,4660,4650,4640,4630,4620,4610,4600,4670,4670,
# Packet content column 3       : 4670,4660,4650,4640,4630,4620,4610,4600,4670,4660,4650,4640,4630,4620,4610,4600,4670,4660,4650,4640,4630,4620,4610,4600,4670,4660,4650,4640,4630,4620,4610,4600,4670,4670,
# ------------------------------------------------------------------------------------------------------------------------------------------------------
# Packet header transmit time   : 713588616 ps
# Packet header                 : CA
# Packet size                   : 34
# Packet content column 0       : 3870,3860,3850,3840,3830,3820,3810,3800,3870,3860,3850,3840,3830,3820,3810,3800,3870,3860,3850,3840,3830,3820,3810,3800,3870,3860,3850,3840,3830,3820,3810,3800,3870,3870,
# Packet content column 1       : 3870,3860,3850,3840,3830,3820,3810,3800,3870,3860,3850,3840,3830,3820,3810,3800,3870,3860,3850,3840,3830,3820,3810,3800,3870,3860,3850,3840,3830,3820,3810,3800,3870,3870,
# Packet content column 2       : 3870,3860,3850,3840,3830,3820,3810,3800,3870,3860,3850,3840,3830,3820,3810,3800,3870,3860,3850,3840,3830,3820,3810,3800,3870,3860,3850,3840,3830,3820,3810,3800,3870,3870,
# Packet content column 3       : 3870,3860,3850,3840,3830,3820,3810,3800,3870,3860,3850,3840,3830,3820,3810,3800,3870,3860,3850,3840,3830,3820,3810,3800,3870,3860,3850,3840,3830,3820,3810,3800,3870,3870,
# ------------------------------------------------------------------------------------------------------------------------------------------------------
# Packet header transmit time   : 719031336 ps
# Packet header                 : CA
# Packet size                   : 34
# Packet content column 0       : 2A70,2A60,2A50,2A40,2A30,2A20,2A10,2A00,2A70,2A60,2A50,2A40,2A30,2A20,2A10,2A00,2A70,2A60,2A50,2A40,2A30,2A20,2A10,2A00,2A70,2A60,2A50,2A40,2A30,2A20,2A10,2A00,2A70,2A70,
# Packet content column 1       : 2A70,2A60,2A50,2A40,2A30,2A20,2A10,2A00,2A70,2A60,2A50,2A40,2A30,2A20,2A10,2A00,2A70,2A60,2A50,2A40,2A30,2A20,2A10,2A00,2A70,2A60,2A50,2A40,2A30,2A20,2A10,2A00,2A70,2A70,
# Packet content column 2       : 2A70,2A60,2A50,2A40,2A30,2A20,2A10,2A00,2A70,2A60,2A50,2A40,2A30,2A20,2A10,2A00,2A70,2A60,2A50,2A40,2A30,2A20,2A10,2A00,2A70,2A60,2A50,2A40,2A30,2A20,2A10,2A00,2A70,2A70,
# Packet content column 3       : 2A70,2A60,2A50,2A40,2A30,2A20,2A10,2A00,2A70,2A60,2A50,2A40,2A30,2A20,2A10,2A00,2A70,2A60,2A50,2A40,2A30,2A20,2A10,2A00,2A70,2A60,2A50,2A40,2A30,2A20,2A10,2A00,2A70,2A70,
# ------------------------------------------------------------------------------------------------------------------------------------------------------
# Packet header transmit time   : 724474056 ps
# Packet header                 : CA
# Packet size                   : 34
# Packet content column 0       : 1C70,1C60,1C50,1C40,1C30,1C20,1C10,1C00,1C70,1C60,1C50,1C40,1C30,1C20,1C10,1C00,1C70,1C60,1C50,1C40,1C30,1C20,1C10,1C00,1C70,1C60,1C50,1C40,1C30,1C20,1C10,1C00,1C70,1C70,
# Packet content column 1       : 1C70,1C60,1C50,1C40,1C30,1C20,1C10,1C00,1C70,1C60,1C50,1C40,1C30,1C20,1C10,1C00,1C70,1C60,1C50,1C40,1C30,1C20,1C10,1C00,1C70,1C60,1C50,1C40,1C30,1C20,1C10,1C00,1C70,1C70,
# Packet content column 2       : 1C70,1C60,1C50,1C40,1C30,1C20,1C10,1C00,1C70,1C60,1C50,1C40,1C30,1C20,1C10,1C00,1C70,1C60,1C50,1C40,1C30,1C20,1C10,1C00,1C70,1C60,1C50,1C40,1C30,1C20,1C10,1C00,1C70,1C70,
# Packet content column 3       : 1C70,1C60,1C50,1C40,1C30,1C20,1C10,1C00,1C70,1C60,1C50,1C40,1C30,1C20,1C10,1C00,1C70,1C60,1C50,1C40,1C30,1C20,1C10,1C00,1C70,1C60,1C50,1C40,1C30,1C20,1C10,1C00,1C70,1C70,
# ------------------------------------------------------------------------------------------------------------------------------------------------------
# Packet header transmit time   : 729916776 ps
# Packet header                 : CA
# Packet size                   : 34
# Packet content column 0       : 0E70,0E60,0E50,0E40,0E30,0E20,0E10,0E00,0E70,0E60,0E50,0E40,0E30,0E20,0E10,0E00,0E70,0E60,0E50,0E40,0E30,0E20,0E10,0E00,0E70,0E60,0E50,0E40,0E30,0E20,0E10,0E00,0E70,0E70,
# Packet content column 1       : 0E70,0E60,0E50,0E40,0E30,0E20,0E10,0E00,0E70,0E60,0E50,0E40,0E30,0E20,0E10,0E00,0E70,0E60,0E50,0E40,0E30,0E20,0E10,0E00,0E70,0E60,0E50,0E40,0E30,0E20,0E10,0E00,0E70,0E70,
# Packet content column 2       : 0E70,0E60,0E50,0E40,0E30,0E20,0E10,0E00,0E70,0E60,0E50,0E40,0E30,0E20,0E10,0E00,0E70,0E60,0E50,0E40,0E30,0E20,0E10,0E00,0E70,0E60,0E50,0E40,0E30,0E20,0E10,0E00,0E70,0E70,
# Packet content column 3       : 0E70,0E60,0E50,0E40,0E30,0E20,0E10,0E00,0E70,0E60,0E50,0E40,0E30,0E20,0E10,0E00,0E70,0E60,0E50,0E40,0E30,0E20,0E10,0E00,0E70,0E60,0E50,0E40,0E30,0E20,0E10,0E00,0E70,0E70,
# ------------------------------------------------------------------------------------------------------------------------------------------------------
# Packet header transmit time   : 735359496 ps
# Packet header                 : CA
# Packet size                   : 34
# Packet content column 0       : 0070,0060,0050,0040,0030,0020,0010,0000,0070,0060,0050,0040,0030,0020,0010,0000,0070,0060,0050,0040,0030,0020,0010,0000,0070,0060,0050,0040,0030,0020,0010,0000,0070,0070,
# Packet content column 1       : 0070,0060,0050,0040,0030,0020,0010,0000,0070,0060,0050,0040,0030,0020,0010,0000,0070,0060,0050,0040,0030,0020,0010,0000,0070,0060,0050,0040,0030,0020,0010,0000,0070,0070,
# Packet content column 2       : 0070,0060,0050,0040,0030,0020,0010,0000,0070,0060,0050,0040,0030,0020,0010,0000,0070,0060,0050,0040,0030,0020,0010,0000,0070,0060,0050,0040,0030,0020,0010,0000,0070,0070,
# Packet content column 3       : 0070,0060,0050,0040,0030,0020,0010,0000,0070,0060,0050,0040,0030,0020,0010,0000,0070,0060,0050,0040,0030,0020,0010,0000,0070,0060,0050,0040,0030,0020,0010,0000,0070,0070,
# ------------------------------------------------------------------------------------------------------------------------------------------------------
# Packet header transmit time   : 740802216 ps
# Packet header                 : E2
# Packet size                   : 34
# Packet content column 0       : 0070,0060,0050,0040,0030,0020,0010,0000,0070,0060,0050,0040,0030,0020,0010,0000,0070,0060,0050,0040,0030,0020,0010,0000,0070,0060,0050,0040,0030,0020,0010,0000,0070,0070,
# Packet content column 1       : 0070,0060,0050,0040,0030,0020,0010,0000,0070,0060,0050,0040,0030,0020,0010,0000,0070,0060,0050,0040,0030,0020,0010,0000,0070,0060,0050,0040,0030,0020,0010,0000,0070,0070,
# Packet content column 2       : 0070,0060,0050,0040,0030,0020,0010,0000,0070,0060,0050,0040,0030,0020,0010,0000,0070,0060,0050,0040,0030,0020,0010,0000,0070,0060,0050,0040,0030,0020,0010,0000,0070,0070,
# Packet content column 3       : 0070,0060,0050,0040,0030,0020,0010,0000,0070,0060,0050,0040,0030,0020,0010,0000,0070,0060,0050,0040,0030,0020,0010,0000,0070,0060,0050,0040,0030,0020,0010,0000,0070,0070,
# ------------------------------------------------------------------------------------------------------------------------------------------------------
# Simulation status             : PASS
# ------------------------------------------------------------------------------------------------------------------------------------------------------
