# ------------------------------------------------------------------------------------------------------------------------------------------------------
# Packet header transmit time   : 21840114 ps
# Packet header                 : E2
# Packet size                   : 34
# Packet content column 0       : 14D4,14D4,14D4,14D4,14D4,14D4,14D4,14D4,14D4,14D4,14D4,14D4,14D4,14D4,14D4,14D4,14D4,14D4,14D4,14D4,14D4,14D4,14D4,14D4,14D4,14D4,14D4,14D4,14D4,14D4,14D4,14D4,14D4,14D4,
# Packet content column 1       : 0000,0000,0000,0000,0000,0000,0000,0000,0000,0000,0000,0000,0000,0000,0000,0000,0000,0000,0000,0000,0000,0000,0000,0000,0000,0000,0000,0000,0000,0000,0000,0000,0000,0000,
# Packet content column 2       : 0000,0000,0000,0000,0000,0000,0000,0000,0000,0000,0000,0000,0000,0000,0000,0000,0000,0000,0000,0000,0000,0000,0000,0000,0000,0000,0000,0000,0000,0000,0000,0000,0000,0000,
# Packet content column 3       : 0000,0000,0000,0000,0000,0000,0000,0000,0000,0000,0000,0000,0000,0000,0000,0000,0000,0000,0000,0000,0000,0000,0000,0000,0000,0000,0000,0000,0000,0000,0000,0000,0000,0000,
# ------------------------------------------------------------------------------------------------------------------------------------------------------
# Packet header transmit time   : 27282834 ps
# Packet header                 : E2
# Packet size                   : 34
# Packet content column 0       : 14D4,2024,14D4,14D4,14D4,14D4,14D4,14D4,14D4,14D4,14D4,14D4,14D4,14D4,14D4,14D4,14D4,14D4,14D4,14D4,14D4,14D4,14D4,14D4,14D4,14D4,14D4,14D4,14D4,14D4,14D4,14D4,14D4,14D4,
# Packet content column 1       : 0000,0000,0000,0000,0000,0000,0000,0000,0000,0000,0000,0000,0000,0000,0000,0000,0000,0000,0000,0000,0000,0000,0000,0000,0000,0000,0000,0000,0000,0000,0000,0000,0000,0000,
# Packet content column 2       : 0000,0000,0000,0000,0000,0000,0000,0000,0000,0000,0000,0000,0000,0000,0000,0000,0000,0000,0000,0000,0000,0000,0000,0000,0000,0000,0000,0000,0000,0000,0000,0000,0000,0000,
# Packet content column 3       : 0000,0000,0000,0000,0000,0000,0000,0000,0000,0000,0000,0000,0000,0000,0000,0000,0000,0000,0000,0000,0000,0000,0000,0000,0000,0000,0000,0000,0000,0000,0000,0000,0000,0000,
# ------------------------------------------------------------------------------------------------------------------------------------------------------
# Packet header transmit time   : 32725554 ps
# Packet header                 : E2
# Packet size                   : 34
# Packet content column 0       : 14D4,2B50,14D4,14D4,14D4,14D4,14D4,14D4,14D4,14D4,14D4,14D4,14D4,14D4,14D4,14D4,14D4,14D4,14D4,14D4,14D4,14D4,14D4,14D4,14D4,14D4,14D4,14D4,14D4,14D4,14D4,14D4,14D4,14D4,
# Packet content column 1       : 0000,0000,0000,0000,0000,0000,0000,0000,0000,0000,0000,0000,0000,0000,0000,0000,0000,0000,0000,0000,0000,0000,0000,0000,0000,0000,0000,0000,0000,0000,0000,0000,0000,0000,
# Packet content column 2       : 0000,0000,0000,0000,0000,0000,0000,0000,0000,0000,0000,0000,0000,0000,0000,0000,0000,0000,0000,0000,0000,0000,0000,0000,0000,0000,0000,0000,0000,0000,0000,0000,0000,0000,
# Packet content column 3       : 0000,0000,0000,0000,0000,0000,0000,0000,0000,0000,0000,0000,0000,0000,0000,0000,0000,0000,0000,0000,0000,0000,0000,0000,0000,0000,0000,0000,0000,0000,0000,0000,0000,0000,
# ------------------------------------------------------------------------------------------------------------------------------------------------------
# Packet header transmit time   : 38168274 ps
# Packet header                 : E2
# Packet size                   : 34
# Packet content column 0       : 14D4,366C,14D4,14D4,14D4,14D4,14D4,14D4,14D4,14D4,14D4,14D4,14D4,14D4,14D4,14D4,14D4,14D4,14D4,14D4,14D4,14D4,14D4,14D4,14D4,14D4,14D4,14D4,14D4,14D4,14D4,14D4,14D4,14D4,
# Packet content column 1       : 0000,0000,0000,0000,0000,0000,0000,0000,0000,0000,0000,0000,0000,0000,0000,0000,0000,0000,0000,0000,0000,0000,0000,0000,0000,0000,0000,0000,0000,0000,0000,0000,0000,0000,
# Packet content column 2       : 0000,0000,0000,0000,0000,0000,0000,0000,0000,0000,0000,0000,0000,0000,0000,0000,0000,0000,0000,0000,0000,0000,0000,0000,0000,0000,0000,0000,0000,0000,0000,0000,0000,0000,
# Packet content column 3       : 0000,0000,0000,0000,0000,0000,0000,0000,0000,0000,0000,0000,0000,0000,0000,0000,0000,0000,0000,0000,0000,0000,0000,0000,0000,0000,0000,0000,0000,0000,0000,0000,0000,0000,
# ------------------------------------------------------------------------------------------------------------------------------------------------------
# Packet header transmit time   : 43610994 ps
# Packet header                 : E2
# Packet size                   : 34
# Packet content column 0       : 14D4,4014,14D4,14D4,14D4,14D4,14D4,14D4,14D4,14D4,14D4,14D4,14D4,14D4,14D4,14D4,14D4,14D4,14D4,14D4,14D4,14D4,14D4,14D4,14D4,14D4,14D4,14D4,14D4,14D4,14D4,14D4,14D4,14D4,
# Packet content column 1       : 0000,0000,0000,0000,0000,0000,0000,0000,0000,0000,0000,0000,0000,0000,0000,0000,0000,0000,0000,0000,0000,0000,0000,0000,0000,0000,0000,0000,0000,0000,0000,0000,0000,0000,
# Packet content column 2       : 0000,0000,0000,0000,0000,0000,0000,0000,0000,0000,0000,0000,0000,0000,0000,0000,0000,0000,0000,0000,0000,0000,0000,0000,0000,0000,0000,0000,0000,0000,0000,0000,0000,0000,
# Packet content column 3       : 0000,0000,0000,0000,0000,0000,0000,0000,0000,0000,0000,0000,0000,0000,0000,0000,0000,0000,0000,0000,0000,0000,0000,0000,0000,0000,0000,0000,0000,0000,0000,0000,0000,0000,
# ------------------------------------------------------------------------------------------------------------------------------------------------------
# Packet header transmit time   : 49053714 ps
# Packet header                 : E2
# Packet size                   : 34
# Packet content column 0       : 14D4,4958,14D4,14D4,14D4,14D4,14D4,14D4,14D4,14D4,14D4,14D4,14D4,14D4,14D4,14D4,14D4,14D4,14D4,14D4,14D4,14D4,14D4,14D4,14D4,14D4,14D4,14D4,14D4,14D4,14D4,14D4,14D4,14D4,
# Packet content column 1       : 0000,0000,0000,0000,0000,0000,0000,0000,0000,0000,0000,0000,0000,0000,0000,0000,0000,0000,0000,0000,0000,0000,0000,0000,0000,0000,0000,0000,0000,0000,0000,0000,0000,0000,
# Packet content column 2       : 0000,0000,0000,0000,0000,0000,0000,0000,0000,0000,0000,0000,0000,0000,0000,0000,0000,0000,0000,0000,0000,0000,0000,0000,0000,0000,0000,0000,0000,0000,0000,0000,0000,0000,
# Packet content column 3       : 0000,0000,0000,0000,0000,0000,0000,0000,0000,0000,0000,0000,0000,0000,0000,0000,0000,0000,0000,0000,0000,0000,0000,0000,0000,0000,0000,0000,0000,0000,0000,0000,0000,0000,
# ------------------------------------------------------------------------------------------------------------------------------------------------------
# Packet header transmit time   : 54496434 ps
# Packet header                 : E2
# Packet size                   : 34
# Packet content column 0       : 14D4,5140,14D4,14D4,14D4,14D4,14D4,14D4,14D4,14D4,14D4,14D4,14D4,14D4,14D4,14D4,14D4,14D4,14D4,14D4,14D4,14D4,14D4,14D4,14D4,14D4,14D4,14D4,14D4,14D4,14D4,14D4,14D4,14D4,
# Packet content column 1       : 0000,0000,0000,0000,0000,0000,0000,0000,0000,0000,0000,0000,0000,0000,0000,0000,0000,0000,0000,0000,0000,0000,0000,0000,0000,0000,0000,0000,0000,0000,0000,0000,0000,0000,
# Packet content column 2       : 0000,0000,0000,0000,0000,0000,0000,0000,0000,0000,0000,0000,0000,0000,0000,0000,0000,0000,0000,0000,0000,0000,0000,0000,0000,0000,0000,0000,0000,0000,0000,0000,0000,0000,
# Packet content column 3       : 0000,0000,0000,0000,0000,0000,0000,0000,0000,0000,0000,0000,0000,0000,0000,0000,0000,0000,0000,0000,0000,0000,0000,0000,0000,0000,0000,0000,0000,0000,0000,0000,0000,0000,
# ------------------------------------------------------------------------------------------------------------------------------------------------------
# Packet header transmit time   : 59939154 ps
# Packet header                 : E2
# Packet size                   : 34
# Packet content column 0       : 14D4,588C,14D4,14D4,14D4,14D4,14D4,14D4,14D4,14D4,14D4,14D4,14D4,14D4,14D4,14D4,14D4,14D4,14D4,14D4,14D4,14D4,14D4,14D4,14D4,14D4,14D4,14D4,14D4,14D4,14D4,14D4,14D4,14D4,
# Packet content column 1       : 0000,0000,0000,0000,0000,0000,0000,0000,0000,0000,0000,0000,0000,0000,0000,0000,0000,0000,0000,0000,0000,0000,0000,0000,0000,0000,0000,0000,0000,0000,0000,0000,0000,0000,
# Packet content column 2       : 0000,0000,0000,0000,0000,0000,0000,0000,0000,0000,0000,0000,0000,0000,0000,0000,0000,0000,0000,0000,0000,0000,0000,0000,0000,0000,0000,0000,0000,0000,0000,0000,0000,0000,
# Packet content column 3       : 0000,0000,0000,0000,0000,0000,0000,0000,0000,0000,0000,0000,0000,0000,0000,0000,0000,0000,0000,0000,0000,0000,0000,0000,0000,0000,0000,0000,0000,0000,0000,0000,0000,0000,
# ------------------------------------------------------------------------------------------------------------------------------------------------------
# Packet header transmit time   : 65381874 ps
# Packet header                 : E2
# Packet size                   : 34
# Packet content column 0       : 14D4,5E60,14D4,14D4,14D4,14D4,14D4,14D4,14D4,14D4,14D4,14D4,14D4,14D4,14D4,14D4,14D4,14D4,14D4,14D4,14D4,14D4,14D4,14D4,14D4,14D4,14D4,14D4,14D4,14D4,14D4,14D4,14D4,14D4,
# Packet content column 1       : 0000,0000,0000,0000,0000,0000,0000,0000,0000,0000,0000,0000,0000,0000,0000,0000,0000,0000,0000,0000,0000,0000,0000,0000,0000,0000,0000,0000,0000,0000,0000,0000,0000,0000,
# Packet content column 2       : 0000,0000,0000,0000,0000,0000,0000,0000,0000,0000,0000,0000,0000,0000,0000,0000,0000,0000,0000,0000,0000,0000,0000,0000,0000,0000,0000,0000,0000,0000,0000,0000,0000,0000,
# Packet content column 3       : 0000,0000,0000,0000,0000,0000,0000,0000,0000,0000,0000,0000,0000,0000,0000,0000,0000,0000,0000,0000,0000,0000,0000,0000,0000,0000,0000,0000,0000,0000,0000,0000,0000,0000,
# ------------------------------------------------------------------------------------------------------------------------------------------------------
# Packet header transmit time   : 70824594 ps
# Packet header                 : E2
# Packet size                   : 34
# Packet content column 0       : 14D4,639C,14D4,14D4,14D4,14D4,14D4,14D4,14D4,14D4,14D4,14D4,14D4,14D4,14D4,14D4,14D4,14D4,14D4,14D4,14D4,14D4,14D4,14D4,14D4,14D4,14D4,14D4,14D4,14D4,14D4,14D4,14D4,14D4,
# Packet content column 1       : 0000,0000,0000,0000,0000,0000,0000,0000,0000,0000,0000,0000,0000,0000,0000,0000,0000,0000,0000,0000,0000,0000,0000,0000,0000,0000,0000,0000,0000,0000,0000,0000,0000,0000,
# Packet content column 2       : 0000,0000,0000,0000,0000,0000,0000,0000,0000,0000,0000,0000,0000,0000,0000,0000,0000,0000,0000,0000,0000,0000,0000,0000,0000,0000,0000,0000,0000,0000,0000,0000,0000,0000,
# Packet content column 3       : 0000,0000,0000,0000,0000,0000,0000,0000,0000,0000,0000,0000,0000,0000,0000,0000,0000,0000,0000,0000,0000,0000,0000,0000,0000,0000,0000,0000,0000,0000,0000,0000,0000,0000,
# ------------------------------------------------------------------------------------------------------------------------------------------------------
# Packet header transmit time   : 76267314 ps
# Packet header                 : E2
# Packet size                   : 34
# Packet content column 0       : 14D4,685C,14D4,14D4,14D4,14D4,14D4,14D4,14D4,14D4,14D4,14D4,14D4,14D4,14D4,14D4,14D4,14D4,14D4,14D4,14D4,14D4,14D4,14D4,14D4,14D4,14D4,14D4,14D4,14D4,14D4,14D4,14D4,14D4,
# Packet content column 1       : 0000,0000,0000,0000,0000,0000,0000,0000,0000,0000,0000,0000,0000,0000,0000,0000,0000,0000,0000,0000,0000,0000,0000,0000,0000,0000,0000,0000,0000,0000,0000,0000,0000,0000,
# Packet content column 2       : 0000,0000,0000,0000,0000,0000,0000,0000,0000,0000,0000,0000,0000,0000,0000,0000,0000,0000,0000,0000,0000,0000,0000,0000,0000,0000,0000,0000,0000,0000,0000,0000,0000,0000,
# Packet content column 3       : 0000,0000,0000,0000,0000,0000,0000,0000,0000,0000,0000,0000,0000,0000,0000,0000,0000,0000,0000,0000,0000,0000,0000,0000,0000,0000,0000,0000,0000,0000,0000,0000,0000,0000,
# ------------------------------------------------------------------------------------------------------------------------------------------------------
# Packet header transmit time   : 81710034 ps
# Packet header                 : E2
# Packet size                   : 34
# Packet content column 0       : 14D4,6CA0,14D4,14D4,14D4,14D4,14D4,14D4,14D4,14D4,14D4,14D4,14D4,14D4,14D4,14D4,14D4,14D4,14D4,14D4,14D4,14D4,14D4,14D4,14D4,14D4,14D4,14D4,14D4,14D4,14D4,14D4,14D4,14D4,
# Packet content column 1       : 0000,0000,0000,0000,0000,0000,0000,0000,0000,0000,0000,0000,0000,0000,0000,0000,0000,0000,0000,0000,0000,0000,0000,0000,0000,0000,0000,0000,0000,0000,0000,0000,0000,0000,
# Packet content column 2       : 0000,0000,0000,0000,0000,0000,0000,0000,0000,0000,0000,0000,0000,0000,0000,0000,0000,0000,0000,0000,0000,0000,0000,0000,0000,0000,0000,0000,0000,0000,0000,0000,0000,0000,
# Packet content column 3       : 0000,0000,0000,0000,0000,0000,0000,0000,0000,0000,0000,0000,0000,0000,0000,0000,0000,0000,0000,0000,0000,0000,0000,0000,0000,0000,0000,0000,0000,0000,0000,0000,0000,0000,
# ------------------------------------------------------------------------------------------------------------------------------------------------------
# Packet header transmit time   : 87152754 ps
# Packet header                 : E2
# Packet size                   : 34
# Packet content column 0       : 14D4,6FE0,14D4,14D4,14D4,14D4,14D4,14D4,14D4,14D4,14D4,14D4,14D4,14D4,14D4,14D4,14D4,14D4,14D4,14D4,14D4,14D4,14D4,14D4,14D4,14D4,14D4,14D4,14D4,14D4,14D4,14D4,14D4,14D4,
# Packet content column 1       : 0000,0000,0000,0000,0000,0000,0000,0000,0000,0000,0000,0000,0000,0000,0000,0000,0000,0000,0000,0000,0000,0000,0000,0000,0000,0000,0000,0000,0000,0000,0000,0000,0000,0000,
# Packet content column 2       : 0000,0000,0000,0000,0000,0000,0000,0000,0000,0000,0000,0000,0000,0000,0000,0000,0000,0000,0000,0000,0000,0000,0000,0000,0000,0000,0000,0000,0000,0000,0000,0000,0000,0000,
# Packet content column 3       : 0000,0000,0000,0000,0000,0000,0000,0000,0000,0000,0000,0000,0000,0000,0000,0000,0000,0000,0000,0000,0000,0000,0000,0000,0000,0000,0000,0000,0000,0000,0000,0000,0000,0000,
# ------------------------------------------------------------------------------------------------------------------------------------------------------
# Packet header transmit time   : 92595474 ps
# Packet header                 : E2
# Packet size                   : 34
# Packet content column 0       : 14D4,72BC,14D4,14D4,14D4,14D4,14D4,14D4,14D4,14D4,14D4,14D4,14D4,14D4,14D4,14D4,14D4,14D4,14D4,14D4,14D4,14D4,14D4,14D4,14D4,14D4,14D4,14D4,14D4,14D4,14D4,14D4,14D4,14D4,
# Packet content column 1       : 0000,0000,0000,0000,0000,0000,0000,0000,0000,0000,0000,0000,0000,0000,0000,0000,0000,0000,0000,0000,0000,0000,0000,0000,0000,0000,0000,0000,0000,0000,0000,0000,0000,0000,
# Packet content column 2       : 0000,0000,0000,0000,0000,0000,0000,0000,0000,0000,0000,0000,0000,0000,0000,0000,0000,0000,0000,0000,0000,0000,0000,0000,0000,0000,0000,0000,0000,0000,0000,0000,0000,0000,
# Packet content column 3       : 0000,0000,0000,0000,0000,0000,0000,0000,0000,0000,0000,0000,0000,0000,0000,0000,0000,0000,0000,0000,0000,0000,0000,0000,0000,0000,0000,0000,0000,0000,0000,0000,0000,0000,
# ------------------------------------------------------------------------------------------------------------------------------------------------------
# Simulation status             : PASS
# ------------------------------------------------------------------------------------------------------------------------------------------------------
